1.0 1.0 1.0 0.041959067914834454 1.0 0.06311944030978031 1.0 1.0 0.06863982230545802 0.1064492590824699 1.0 0.2873478855663454 1.0 0.14852213144650114 1.0 0.2297939958485704 1.0 0.2250175801852048 1.0 1.0 0.1643989873053573 0.21110016546037455 1.0 0.5184758473652127 1.0 1.0 0.2064062748461344 0.37068123792912927 1.0 0.554700196225229 0.23180022278587673 0.5144957554275265 0.14976617288979535 1.0 0.48989794855663565 0.24253562503633297 0.2321753443823308 0.5946353169977331 0.45566118843288356 0.816496580927726 1.0 0.7071067811865476 0.24702463563420493 0.294231946196439 0.30845685446746224 0.7592566023652966 0.658504607868518 0.43328912241312106 0.7071067811865475 0.25982792098465235 1.0 0.4216370213557839 0.6246950475544243 0.40985241566284797 0.22555354977384037 0.0 0.20123585110162412 0.0 0.0 0.0 0.0 0.0 0.0 0.0 0.19261736493723072 0.0 0.2637063313749449 0.0 0.0 0.0 0.1917499506569442 0.0 0.0 0.0 0.0 0.0 0.0 0.0 0.0 0.30608862861263825 0.21885688981825285 0.0 0.0 0.0 0.0 0.0 0.0 0.0 0.0 0.0 0.0 0.0 0.0 0.0 0.0 0.0 0.0 0.0 0.0 0.0 0.0 0.0 0.0 0.0 0.0 0.0 0.0 0.0 0.0 0.19611613513818404 0.0 0.0 0.0 0.0 0.0 0.0 0.0 0.0 0.0 0.0 0.0 0.0 0.0 0.0 0.0 0.0 0.0 0.0 0.0 0.0 0.0 0.0 0.0 0.0 0.0 0.0 0.0 0.0 0.0 0.0 0.5773502691896257 0.1643989873053573 0.0 0.0
1.0 1.0 1.0 0.041959067914834454 1.0 0.06311944030978031 1.0 1.0 0.06863982230545802 0.1064492590824699 1.0 0.2873478855663454 1.0 0.14852213144650114 1.0 0.2297939958485704 1.0 0.2250175801852048 1.0 1.0 0.1643989873053573 0.21110016546037455 1.0 0.5184758473652127 1.0 1.0 0.2064062748461344 0.37068123792912927 1.0 0.554700196225229 0.23180022278587673 0.5144957554275265 0.14976617288979535 1.0 0.48989794855663565 0.24253562503633297 0.2321753443823308 0.5946353169977331 0.45566118843288356 0.816496580927726 1.0 0.7071067811865476 0.24702463563420493 0.294231946196439 0.30845685446746224 0.7592566023652966 0.658504607868518 0.43328912241312106 0.7071067811865475 0.25982792098465235 1.0 0.4216370213557839 0.6246950475544243 0.40985241566284797 0.22555354977384037 0.0 0.20123585110162412 0.0 0.0 0.0 0.0 0.0 0.0 0.0 0.19261736493723072 0.0 0.2637063313749449 0.0 0.0 0.0 0.1917499506569442 0.0 0.0 0.0 0.0 0.0 0.0 0.0 0.0 0.30608862861263825 0.21885688981825285 0.0 0.0 0.0 0.0 0.0 0.0 0.0 0.0 0.0 0.0 0.0 0.0 0.0 0.0 0.0 0.0 0.0 0.0 0.0 0.0 0.0 0.0 0.0 0.0 0.0 0.0 0.0 0.0 0.19611613513818404 0.0 0.0 0.0 0.0 0.0 0.0 0.0 0.0 0.0 0.0 0.0 0.0 0.0 0.0 0.0 0.0 0.0 0.0 0.0 0.0 0.0 0.0 0.0 0.0 0.0 0.0 0.0 0.0 0.0 0.0 0.5773502691896257 0.1643989873053573 0.0 0.0
1.0 1.0 1.0 0.041959067914834454 1.0 0.06311944030978031 1.0 1.0 0.06863982230545802 0.1064492590824699 1.0 0.2873478855663454 1.0 0.14852213144650114 1.0 0.2297939958485704 1.0 0.2250175801852048 1.0 1.0 0.1643989873053573 0.21110016546037455 1.0 0.5184758473652127 1.0 1.0 0.2064062748461344 0.37068123792912927 1.0 0.554700196225229 0.23180022278587673 0.5144957554275265 0.14976617288979535 1.0 0.48989794855663565 0.24253562503633297 0.2321753443823308 0.5946353169977331 0.45566118843288356 0.816496580927726 1.0 0.7071067811865476 0.24702463563420493 0.294231946196439 0.30845685446746224 0.7592566023652966 0.658504607868518 0.43328912241312106 0.7071067811865475 0.25982792098465235 1.0 0.4216370213557839 0.6246950475544243 0.40985241566284797 0.22555354977384037 0.0 0.20123585110162412 0.0 0.0 0.0 0.0 0.0 0.0 0.0 0.19261736493723072 0.0 0.2637063313749449 0.0 0.0 0.0 0.1917499506569442 0.0 0.0 0.0 0.0 0.0 0.0 0.0 0.0 0.30608862861263825 0.21885688981825285 0.0 0.0 0.0 0.0 0.0 0.0 0.0 0.0 0.0 0.0 0.0 0.0 0.0 0.0 0.0 0.0 0.0 0.0 0.0 0.0 0.0 0.0 0.0 0.0 0.0 0.0 0.0 0.0 0.19611613513818404 0.0 0.0 0.0 0.0 0.0 0.0 0.0 0.0 0.0 0.0 0.0 0.0 0.0 0.0 0.0 0.0 0.0 0.0 0.0 0.0 0.0 0.0 0.0 0.0 0.0 0.0 0.0 0.0 0.0 0.0 0.5773502691896257 0.1643989873053573 0.0 0.0
0.041959067914834454 0.041959067914834454 0.041959067914834454 1.0 0.041959067914834454 0.33635097610346026 0.041959067914834454 0.041959067914834454 0.427689350417867 0.5024825652740809 0.041959067914834454 0.012056849445662364 0.041959067914834454 0.25966042500915465 0.041959067914834454 0.2603324307122465 0.041959067914834454 0.19355132254496568 0.041959067914834454 0.041959067914834454 0.21797769344182558 0.451735875148617 0.041959067914834454 0.0217547632917983 0.041959067914834454 0.041959067914834454 0.2785831127555283 0.16590335186158128 0.041959067914834454 0.023274703205786382 0.3225830228031209 0.0935469701568031 0.6912453921590538 0.041959067914834454 0.03768537904051424 0.24714524137903918 0.44534221911260785 0.024950343650466996 0.19392249019489677 0.2295382177922231 0.041959067914834454 0.029669541454846335 0.45013381897381477 0.3544979058353187 0.09429580962503131 0.03185769934343194 0.02763023956378658 0.218164892569094 0.08900862436453899 0.3597705336312539 0.041959067914834454 0.03538299282895169 0.058976149334392866 0.14832434359076144 0.5642919965360315 0.03203749869945 0.36428399435261627 0.0 0.0 0.06982410961735916 0.633741683280152 0.2802495727184067 0.1180110544874577 0.0 0.3869279090178082 0.04845015831115092 0.4470208234564194 0.43471475366946427 0.0 0.06624096659523689 0.48631479622675533 0.0 0.2574526170519343 0.0 0.0 0.0 0.14034568303387687 0.14229528614363432 0.0 0.282550258230157 0.3450195971748648 0.0 0.0 0.2513036074611065 0.0961520404308598 0.0 0.18231229999915466 0.05933908290969266 0.0 0.14464157700128705 0.0 0.0 0.0 0.17608727172781607 0.0 0.0 0.0 0.0 0.0 0.0 0.0 0.0 0.547499399431448 0.0 0.0 0.0 0.0 0.0 0.26432864205226736 0.008228850233457916 0.4908137115444246 0.0 0.0 0.06652816940763143 0.17424332367018608 0.0 0.0 0.0 0.0 0.0 0.0 0.041959067914834454 0.041959067914834454 0.041959067914834454 0.041959067914834454 0.041959067914834454 0.11806511336115758 0.041959067914834454 0.041959067914834454 0.089008624364539 0.041959067914834454 0.041959067914834454 0.058976149334392866 0.023981604843963607 0.026211621926396828 0.041959067914834454 0.0485174035320084 0.041959067914834454 0.041959067914834454 0.06237585912616749 0.1938006332446037 0.21797769344182558 0.041959067914834454 0.30581325497740514
1.0 1.0 1.0 0.041959067914834454 1.0 0.06311944030978031 1.0 1.0 0.06863982230545802 0.1064492590824699 1.0 0.2873478855663454 1.0 0.14852213144650114 1.0 0.2297939958485704 1.0 0.2250175801852048 1.0 1.0 0.1643989873053573 0.21110016546037455 1.0 0.5184758473652127 1.0 1.0 0.2064062748461344 0.37068123792912927 1.0 0.554700196225229 0.23180022278587673 0.5144957554275265 0.14976617288979535 1.0 0.48989794855663565 0.24253562503633297 0.2321753443823308 0.5946353169977331 0.45566118843288356 0.816496580927726 1.0 0.7071067811865476 0.24702463563420493 0.294231946196439 0.30845685446746224 0.7592566023652966 0.658504607868518 0.43328912241312106 0.7071067811865475 0.25982792098465235 1.0 0.4216370213557839 0.6246950475544243 0.40985241566284797 0.22555354977384037 0.0 0.20123585110162412 0.0 0.0 0.0 0.0 0.0 0.0 0.0 0.19261736493723072 0.0 0.2637063313749449 0.0 0.0 0.0 0.1917499506569442 0.0 0.0 0.0 0.0 0.0 0.0 0.0 0.0 0.30608862861263825 0.21885688981825285 0.0 0.0 0.0 0.0 0.0 0.0 0.0 0.0 0.0 0.0 0.0 0.0 0.0 0.0 0.0 0.0 0.0 0.0 0.0 0.0 0.0 0.0 0.0 0.0 0.0 0.0 0.0 0.0 0.19611613513818404 0.0 0.0 0.0 0.0 0.0 0.0 0.0 0.0 0.0 0.0 0.0 0.0 0.0 0.0 0.0 0.0 0.0 0.0 0.0 0.0 0.0 0.0 0.0 0.0 0.0 0.0 0.0 0.0 0.0 0.0 0.5773502691896257 0.1643989873053573 0.0 0.0
0.06311944030978031 0.06311944030978031 0.06311944030978031 0.33635097610346026 0.06311944030978031 0.9999999999999999 0.06311944030978031 0.06311944030978031 0.46141201327306985 0.2754797238417282 0.06311944030978031 0.01813723771114652 0.06311944030978031 0.18436779827353592 0.06311944030978031 0.08702681042705847 0.06311944030978031 0.1846387883749661 0.06311944030978031 0.06311944030978031 0.3673377311437926 0.18387843524561986 0.06311944030978031 0.03272590529983131 0.06311944030978031 0.06311944030978031 0.21279472623033996 0.14818221771901327 0.06311944030978031 0.03501236592546177 0.19020430423705004 0.03247468412434309 0.3355870738600295 0.06311944030978031 0.13399569872781902 0.2602481194270933 0.32868573045849786 0.037533048397325706 0.2588497126629566 0.34014292753984826 0.06311944030978031 0.04463218426774518 0.3497075584002105 0.5067436215926765 0.36436010654212947 0.047923851792802945 0.041564442290072216 0.19925675883580524 0.04463218426774517 0.2870033766145889 0.06311944030978031 0.20625456921441476 0.039430401765926854 0.1552179305175024 0.16728256240390552 0.0 0.29577268136612556 0.40168965840970655 0.5680749627880228 0.0 0.10447604097131973 0.19000887904033015 0.4226790354882201 0.5680749627880228 0.34042120752591576 0.3279782326855516 0.36951891214421 0.3410867848164888 0.5680749627880228 0.0 0.3725080477195249 0.0 0.2960425296281817 0.5680749627880228 0.41884662848725296 0.5680749627880228 0.42224679446991426 0.14442346324332522 0.5680749627880228 0.41676308305798687 0.2900966122586149 0.0 0.5680749627880228 0.30480591012719627 0.34804592936095935 0.0 0.24682877429029573 0.40168965840970655 0.3388851112526015 0.40754156904048466 0.5680749627880228 0.5680749627880228 0.5680749627880228 0.38850507247253396 0.0 0.0 0.0 0.0 0.0 0.0 0.0 0.0 0.10716099035233255 0.0 0.0 0.0 0.0 0.0 0.1947586222592517 0.012378740685639418 0.11830901889705298 0.0 0.0 0.0 0.12097659362949356 0.0 0.0 0.0 0.0 0.0 0.0 0.0 0.0 0.0 0.0 0.0 0.0 0.0 0.0 0.0 0.0 0.0 0.0 0.0 0.0 0.0 0.15365307233230022 0.0 0.0 0.0 0.03644202585395018 0.3673377311437926 0.0 0.23692939060689172
1.0 1.0 1.0 0.041959067914834454 1.0 0.06311944030978031 1.0 1.0 0.06863982230545802 0.1064492590824699 1.0 0.2873478855663454 1.0 0.14852213144650114 1.0 0.2297939958485704 1.0 0.2250175801852048 1.0 1.0 0.1643989873053573 0.21110016546037455 1.0 0.5184758473652127 1.0 1.0 0.2064062748461344 0.37068123792912927 1.0 0.554700196225229 0.23180022278587673 0.5144957554275265 0.14976617288979535 1.0 0.48989794855663565 0.24253562503633297 0.2321753443823308 0.5946353169977331 0.45566118843288356 0.816496580927726 1.0 0.7071067811865476 0.24702463563420493 0.294231946196439 0.30845685446746224 0.7592566023652966 0.658504607868518 0.43328912241312106 0.7071067811865475 0.25982792098465235 1.0 0.4216370213557839 0.6246950475544243 0.40985241566284797 0.22555354977384037 0.0 0.20123585110162412 0.0 0.0 0.0 0.0 0.0 0.0 0.0 0.19261736493723072 0.0 0.2637063313749449 0.0 0.0 0.0 0.1917499506569442 0.0 0.0 0.0 0.0 0.0 0.0 0.0 0.0 0.30608862861263825 0.21885688981825285 0.0 0.0 0.0 0.0 0.0 0.0 0.0 0.0 0.0 0.0 0.0 0.0 0.0 0.0 0.0 0.0 0.0 0.0 0.0 0.0 0.0 0.0 0.0 0.0 0.0 0.0 0.0 0.0 0.19611613513818404 0.0 0.0 0.0 0.0 0.0 0.0 0.0 0.0 0.0 0.0 0.0 0.0 0.0 0.0 0.0 0.0 0.0 0.0 0.0 0.0 0.0 0.0 0.0 0.0 0.0 0.0 0.0 0.0 0.0 0.0 0.5773502691896257 0.1643989873053573 0.0 0.0
1.0 1.0 1.0 0.041959067914834454 1.0 0.06311944030978031 1.0 1.0 0.06863982230545802 0.1064492590824699 1.0 0.2873478855663454 1.0 0.14852213144650114 1.0 0.2297939958485704 1.0 0.2250175801852048 1.0 1.0 0.1643989873053573 0.21110016546037455 1.0 0.5184758473652127 1.0 1.0 0.2064062748461344 0.37068123792912927 1.0 0.554700196225229 0.23180022278587673 0.5144957554275265 0.14976617288979535 1.0 0.48989794855663565 0.24253562503633297 0.2321753443823308 0.5946353169977331 0.45566118843288356 0.816496580927726 1.0 0.7071067811865476 0.24702463563420493 0.294231946196439 0.30845685446746224 0.7592566023652966 0.658504607868518 0.43328912241312106 0.7071067811865475 0.25982792098465235 1.0 0.4216370213557839 0.6246950475544243 0.40985241566284797 0.22555354977384037 0.0 0.20123585110162412 0.0 0.0 0.0 0.0 0.0 0.0 0.0 0.19261736493723072 0.0 0.2637063313749449 0.0 0.0 0.0 0.1917499506569442 0.0 0.0 0.0 0.0 0.0 0.0 0.0 0.0 0.30608862861263825 0.21885688981825285 0.0 0.0 0.0 0.0 0.0 0.0 0.0 0.0 0.0 0.0 0.0 0.0 0.0 0.0 0.0 0.0 0.0 0.0 0.0 0.0 0.0 0.0 0.0 0.0 0.0 0.0 0.0 0.0 0.19611613513818404 0.0 0.0 0.0 0.0 0.0 0.0 0.0 0.0 0.0 0.0 0.0 0.0 0.0 0.0 0.0 0.0 0.0 0.0 0.0 0.0 0.0 0.0 0.0 0.0 0.0 0.0 0.0 0.0 0.0 0.0 0.5773502691896257 0.1643989873053573 0.0 0.0
0.06863982230545802 0.06863982230545802 0.06863982230545802 0.427689350417867 0.06863982230545802 0.46141201327306985 0.06863982230545802 0.06863982230545802 0.9999999999999999 0.46397279747599324 0.06863982230545802 0.019723507805123032 0.06863982230545802 0.518222079471549 0.06863982230545802 0.25631155943098927 0.06863982230545802 0.3436549595092446 0.06863982230545802 0.06863982230545802 0.43106091993697243 0.2984914836245697 0.06863982230545802 0.24911663022973982 0.06863982230545802 0.06863982230545802 0.33648263816904217 0.12933776270906508 0.06863982230545802 0.03807452290170242 0.3566654434618679 0.2707475454258432 0.5122828541437823 0.06863982230545802 0.36989158950409473 0.3900295373798404 0.399550179151515 0.1632626499810964 0.43787104207737737 0.2606054380597031 0.06863982230545802 0.04853568381162902 0.5583278707711484 0.510671006445963 0.24348287231479204 0.11912054461851374 0.3034832922509655 0.3080306295394321 0.24267841905814502 0.5963425090384358 0.06863982230545802 0.18449945017330557 0.12327700154530159 0.2654976090229157 0.4422033561635407 0.10481873535918687 0.4508890306374365 0.0242678419058145 0.03431991115272901 0.22844713741021455 0.3479411669372805 0.0 0.16317441789322562 0.03431991115272901 0.48505357120082276 0.1783314894833292 0.4253677595704105 0.4361484020477673 0.03431991115272901 0.21672398374852125 0.4453035926091863 0.0 0.4608510147772237 0.03431991115272901 0.025304370053123724 0.03431991115272901 0.23213908044187148 0.3842229538780058 0.03431991115272901 0.4592157098410003 0.4860786433167777 0.0 0.03431991115272901 0.3820445700322438 0.30352593582443615 0.0 0.1677601536468978 0.2184105771523305 0.0204735425270131 0.24788306228643894 0.03431991115272901 0.03431991115272901 0.03431991115272901 0.3484116793708631 0.0 0.0 0.0 0.0 0.0 0.0 0.0 0.0 0.14150461874451528 0.23897318744299512 0.0 0.0 0.11576436089305446 0.0 0.2206167445983137 0.013461376667118144 0.43361918850041514 0.0 0.0 0.24305773132120784 0.3924787463756196 0.0 0.0 0.0 0.0 0.0 0.0 0.0 0.0 0.0 0.0 0.0 0.09246057012176961 0.0 0.0 0.19414273524651607 0.0 0.0 0.0 0.0588463892392878 0.0 0.0 0.08354573115521248 0.0 0.0 0.2040783124763705 0.37647758890925054 0.43106091993697243 0.0 0.5560968905814396
0.1064492590824699 0.1064492590824699 0.1064492590824699 0.5024825652740809 0.1064492590824699 0.2754797238417282 0.1064492590824699 0.1064492590824699 0.46397279747599324 1.0 0.1064492590824699 0.030587969517451814 0.1064492590824699 0.4110618420955605 0.1064492590824699 0.17428747927272342 0.1064492590824699 0.5030120485161514 0.1064492590824699 0.1064492590824699 0.3325028574587095 0.4853834540375833 0.1064492590824699 0.05519136980418264 0.1064492590824699 0.1064492590824699 0.2599995744902332 0.26963474474441174 0.1064492590824699 0.0590474249010763 0.4749930179361297 0.5111651250191344 0.4583468215174044 0.1064492590824699 0.052149273649875816 0.4296809183992559 0.4183878380465562 0.0632984889186783 0.29102877540790895 0.3911195523740686 0.1064492590824699 0.07527099294949816 0.5766247112558649 0.42506762910648394 0.15010287367757988 0.08082230277525929 0.07009732760999612 0.606192022363153 0.4516259576969888 0.40796272274688294 0.1064492590824699 0.044882948525062735 0.06649832496465677 0.3981099345717946 0.20258444466714068 0.20319612475270954 0.5202341760859543 0.0 0.0 0.4428556867580723 0.14315930468776816 0.24534064663498642 0.0 0.0 0.36650856713874846 0.307292541931501 0.4351058256483972 0.29753472432861194 0.0 0.42012979347407325 0.34132798295200517 0.0 0.3864196456565598 0.0 0.0 0.0 0.0 0.34795190517090047 0.0 0.5329632764306487 0.3893952843786959 0.0 0.0 0.3004171183285548 0.1524597955188678 0.0 0.2601688562042442 0.3763549647474907 0.0 0.465971544641879 0.0 0.0 0.0 0.4254568069217123 0.0 0.0 0.0 0.0 0.0 0.0 0.0 0.0 0.10843449786212978 0.0 0.0 0.0 0.0 0.0 0.20528452622590404 0.02087641727957723 0.343626418262869 0.0 0.0 0.0 0.0 0.0 0.0 0.0 0.0 0.0 0.0 0.0 0.0 0.0 0.0 0.0 0.0 0.0 0.0 0.37635496474749075 0.0 0.0 0.0 0.0 0.0 0.0 0.0 0.0 0.0 0.3956155557417394 0.36875105031780125 0.3325028574587095 0.0 0.359617610122425
1.0 1.0 1.0 0.041959067914834454 1.0 0.06311944030978031 1.0 1.0 0.06863982230545802 0.1064492590824699 1.0 0.2873478855663454 1.0 0.14852213144650114 1.0 0.2297939958485704 1.0 0.2250175801852048 1.0 1.0 0.1643989873053573 0.21110016546037455 1.0 0.5184758473652127 1.0 1.0 0.2064062748461344 0.37068123792912927 1.0 0.554700196225229 0.23180022278587673 0.5144957554275265 0.14976617288979535 1.0 0.48989794855663565 0.24253562503633297 0.2321753443823308 0.5946353169977331 0.45566118843288356 0.816496580927726 1.0 0.7071067811865476 0.24702463563420493 0.294231946196439 0.30845685446746224 0.7592566023652966 0.658504607868518 0.43328912241312106 0.7071067811865475 0.25982792098465235 1.0 0.4216370213557839 0.6246950475544243 0.40985241566284797 0.22555354977384037 0.0 0.20123585110162412 0.0 0.0 0.0 0.0 0.0 0.0 0.0 0.19261736493723072 0.0 0.2637063313749449 0.0 0.0 0.0 0.1917499506569442 0.0 0.0 0.0 0.0 0.0 0.0 0.0 0.0 0.30608862861263825 0.21885688981825285 0.0 0.0 0.0 0.0 0.0 0.0 0.0 0.0 0.0 0.0 0.0 0.0 0.0 0.0 0.0 0.0 0.0 0.0 0.0 0.0 0.0 0.0 0.0 0.0 0.0 0.0 0.0 0.0 0.19611613513818404 0.0 0.0 0.0 0.0 0.0 0.0 0.0 0.0 0.0 0.0 0.0 0.0 0.0 0.0 0.0 0.0 0.0 0.0 0.0 0.0 0.0 0.0 0.0 0.0 0.0 0.0 0.0 0.0 0.0 0.0 0.5773502691896257 0.1643989873053573 0.0 0.0
0.2873478855663454 0.2873478855663454 0.2873478855663454 0.012056849445662364 0.2873478855663454 0.01813723771114652 0.2873478855663454 0.2873478855663454 0.019723507805123032 0.030587969517451814 0.2873478855663454 0.9999999999999999 0.2873478855663454 0.04267752043095892 0.2873478855663454 0.06603081882292826 0.2873478855663454 0.06465832588147417 0.2873478855663454 0.2873478855663454 0.04723970139144287 0.06065918618774428 0.2873478855663454 0.1489829384576131 0.2873478855663454 0.2873478855663454 0.05931040664466267 0.10651446993805068 0.2873478855663454 0.15939192850855644 0.06660730389132948 0.1478392674549593 0.04303499310924641 0.2873478855663454 0.1407711396610395 0.06969209902870226 0.06671509428890082 0.17086720102237213 0.13093327903083715 0.23461856610173248 0.2873478855663454 0.2031856384435789 0.07098200673228568 0.08454692760561744 0.08863442491967119 0.21817077929195544 0.18921990670671407 0.12450471316430772 0.20318563844357887 0.07466100370603931 0.2873478855663454 0.12115650656307651 0.1795048010385314 0.11777022503497826 0.06481233560949647 0.0 0.05782469631419561 0.0 0.0 0.0 0.0 0.0 0.0 0.0 0.05534819253807436 0.0 0.07577545673104844 0.0 0.0 0.0 0.055098942878723974 0.0 0.0 0.0 0.0 0.0 0.0 0.0 0.0 0.08795392022774397 0.06288806453090158 0.8077100437538435 0.0 0.0 0.0 0.0 0.3641538802438576 0.0 0.0 0.0 0.0 0.0 0.0 0.0 0.0 0.0 0.0 0.0 0.0 0.0 0.0 0.0 0.0 0.0 0.0 0.0 0.0 0.0 0.0 0.056353556757400836 0.0 0.0 0.0 0.0 0.0 0.0 0.0 0.0 0.0 0.0 0.0 0.0 0.0 0.0 0.0 0.0 0.0 0.0 0.0 0.0 0.0 0.0 0.0 0.0 0.0 0.0 0.0 0.0 0.0 0.0 0.16590037908279928 0.04723970139144287 0.0 0.0
1.0 1.0 1.0 0.041959067914834454 1.0 0.06311944030978031 1.0 1.0 0.06863982230545802 0.1064492590824699 1.0 0.2873478855663454 1.0 0.14852213144650114 1.0 0.2297939958485704 1.0 0.2250175801852048 1.0 1.0 0.1643989873053573 0.21110016546037455 1.0 0.5184758473652127 1.0 1.0 0.2064062748461344 0.37068123792912927 1.0 0.554700196225229 0.23180022278587673 0.5144957554275265 0.14976617288979535 1.0 0.48989794855663565 0.24253562503633297 0.2321753443823308 0.5946353169977331 0.45566118843288356 0.816496580927726 1.0 0.7071067811865476 0.24702463563420493 0.294231946196439 0.30845685446746224 0.7592566023652966 0.658504607868518 0.43328912241312106 0.7071067811865475 0.25982792098465235 1.0 0.4216370213557839 0.6246950475544243 0.40985241566284797 0.22555354977384037 0.0 0.20123585110162412 0.0 0.0 0.0 0.0 0.0 0.0 0.0 0.19261736493723072 0.0 0.2637063313749449 0.0 0.0 0.0 0.1917499506569442 0.0 0.0 0.0 0.0 0.0 0.0 0.0 0.0 0.30608862861263825 0.21885688981825285 0.0 0.0 0.0 0.0 0.0 0.0 0.0 0.0 0.0 0.0 0.0 0.0 0.0 0.0 0.0 0.0 0.0 0.0 0.0 0.0 0.0 0.0 0.0 0.0 0.0 0.0 0.0 0.0 0.19611613513818404 0.0 0.0 0.0 0.0 0.0 0.0 0.0 0.0 0.0 0.0 0.0 0.0 0.0 0.0 0.0 0.0 0.0 0.0 0.0 0.0 0.0 0.0 0.0 0.0 0.0 0.0 0.0 0.0 0.0 0.0 0.5773502691896257 0.1643989873053573 0.0 0.0
0.14852213144650114 0.14852213144650114 0.14852213144650114 0.25966042500915465 0.14852213144650114 0.18436779827353592 0.14852213144650114 0.14852213144650114 0.518222079471549 0.4110618420955605 0.14852213144650114 0.04267752043095892 0.14852213144650114 1.0 0.14852213144650114 0.034129494057038114 0.14852213144650114 0.5124413895379559 0.14852213144650114 0.14852213144650114 0.4655486645760036 0.26127538769069913 0.14852213144650114 0.18994600695372335 0.14852213144650114 0.14852213144650114 0.6284459476236446 0.11928446301300079 0.14852213144650114 0.4119262772858173 0.4150421947372942 0.28867513459481287 0.5066595777018232 0.14852213144650114 0.13339459376998314 0.4013869746577477 0.3185588733950432 0.15455388324927108 0.44150383888186573 0.3516766563026828 0.14852213144650114 0.10502100630210073 0.46821674325343965 0.29341398886730374 0.20288467914693026 0.14498538286901455 0.09780250792797474 0.2880563931132279 0.28005601680560194 0.5113201053998859 0.14852213144650114 0.22961557339788816 0.4020511731897115 0.3322605091753918 0.30987216920155114 0.0945023692040943 0.49528648476734544 0.0 0.0 0.2059631386429087 0.3093431062751299 0.0 0.27185125315590114 0.0 0.28011942810875934 0.14291548761875736 0.2532749307959456 0.2011083802580633 0.0 0.19539378964458984 0.32592760797356335 0.0 0.3737454310365608 0.0 0.0 0.0 0.19871213560620568 0.5057041480205746 0.0 0.4264668714294214 0.5773523440747379 0.0 0.0 0.35084709193209984 0.23576224485388242 0.0 0.1693989128389102 0.17503501050350123 0.0 0.18420677438287367 0.0 0.0 0.0 0.22161582782490305 0.0 0.0 0.0 0.0 0.0 0.09605842128561484 0.0 0.0 0.012007302660701855 0.1292719224987548 0.0 0.0 0.0 0.20377068324339734 0.18139991997635582 0.029127586401773153 0.3728984739995246 0.0 0.0 0.20409060252441197 0.15181969466401635 0.0 0.0 0.0 0.0 0.0 0.0 0.0 0.0 0.0 0.0 0.0 0.12448502395517624 0.0 0.0 0.17503501050350126 0.0 0.0 0.0 0.2263665833672441 0.0 0.0 0.0 0.0 0.0 0.18399271815389417 0.4001633653325206 0.4655486645760036 0.0 0.38715464947787026
1.0 1.0 1.0 0.041959067914834454 1.0 0.06311944030978031 1.0 1.0 0.06863982230545802 0.1064492590824699 1.0 0.2873478855663454 1.0 0.14852213144650114 1.0 0.2297939958485704 1.0 0.2250175801852048 1.0 1.0 0.1643989873053573 0.21110016546037455 1.0 0.5184758473652127 1.0 1.0 0.2064062748461344 0.37068123792912927 1.0 0.554700196225229 0.23180022278587673 0.5144957554275265 0.14976617288979535 1.0 0.48989794855663565 0.24253562503633297 0.2321753443823308 0.5946353169977331 0.45566118843288356 0.816496580927726 1.0 0.7071067811865476 0.24702463563420493 0.294231946196439 0.30845685446746224 0.7592566023652966 0.658504607868518 0.43328912241312106 0.7071067811865475 0.25982792098465235 1.0 0.4216370213557839 0.6246950475544243 0.40985241566284797 0.22555354977384037 0.0 0.20123585110162412 0.0 0.0 0.0 0.0 0.0 0.0 0.0 0.19261736493723072 0.0 0.2637063313749449 0.0 0.0 0.0 0.1917499506569442 0.0 0.0 0.0 0.0 0.0 0.0 0.0 0.0 0.30608862861263825 0.21885688981825285 0.0 0.0 0.0 0.0 0.0 0.0 0.0 0.0 0.0 0.0 0.0 0.0 0.0 0.0 0.0 0.0 0.0 0.0 0.0 0.0 0.0 0.0 0.0 0.0 0.0 0.0 0.0 0.0 0.19611613513818404 0.0 0.0 0.0 0.0 0.0 0.0 0.0 0.0 0.0 0.0 0.0 0.0 0.0 0.0 0.0 0.0 0.0 0.0 0.0 0.0 0.0 0.0 0.0 0.0 0.0 0.0 0.0 0.0 0.0 0.0 0.5773502691896257 0.1643989873053573 0.0 0.0
0.2297939958485704 0.2297939958485704 0.2297939958485704 0.2603324307122465 0.2297939958485704 0.08702681042705847 0.2297939958485704 0.2297939958485704 0.25631155943098927 0.17428747927272342 0.2297939958485704 0.06603081882292826 0.2297939958485704 0.034129494057038114 0.2297939958485704 0.9999999999999999 0.2297939958485704 0.051707688886934305 0.2297939958485704 0.2297939958485704 0.12277817567065848 0.291057303272603 0.2297939958485704 0.11914263671702571 0.2297939958485704 0.2297939958485704 0.13636390266219556 0.2271475275995447 0.2297939958485704 0.12746677458858147 0.34179208802556416 0.11822803548682011 0.4301920913911739 0.2297939958485704 0.5300434836968199 0.193075833929813 0.17339562540018463 0.13664362556559043 0.3440412457987595 0.18762601192807782 0.2297939958485704 0.324977785480955 0.32639747404867137 0.2028382038683439 0.3214983824335645 0.17447260853193064 0.49719561684520897 0.2595860154351177 0.16248889274047748 0.2742785544007879 0.2297939958485704 0.2422241398375865 0.14355117116434388 0.09418162430335504 0.46161852099695805 0.0 0.38150302024419874 0.0 0.0 0.0 0.35183089864002814 0.48098271629590866 0.13464626118889514 0.0 0.5505125298619353 0.0 0.3090504712478007 0.30830099732322475 0.0 0.0 0.43818192990974164 0.0 0.3100459615907717 0.0 0.0 0.0 0.0 0.0 0.0 0.1582589903685912 0.19937185409165198 0.0 0.0 0.08646880292960155 0.0987353390352702 0.0 0.1497683599437305 0.0 0.0 0.1100204702024128 0.0 0.0 0.0 0.26175583429485877 0.2297939958485704 0.2297939958485704 0.2297939958485704 0.2297939958485704 0.2297939958485704 0.2229329216509181 0.2297939958485704 0.2297939958485704 0.4570124893843821 0.080004000300025 0.2297939958485704 0.2297939958485704 0.33305819227668143 0.19704672581136684 0.1329454576967543 0.27039786206268923 0.39083703587540575 0.0 0.2297939958485704 0.194319840986621 0.543196995283777 0.2297939958485704 0.2297939958485704 0.2297939958485704 0.2297939958485704 0.16248889274047748 0.2297939958485704 0.0 0.0 0.0 0.0 0.0 0.0 0.0 0.0 0.0 0.0 0.0 0.0 0.0 0.0 0.0 0.17481021542432015 0.0 0.0 0.0 0.13267162536133187 0.12277817567065848 0.0 0.2839293739252553
1.0 1.0 1.0 0.041959067914834454 1.0 0.06311944030978031 1.0 1.0 0.06863982230545802 0.1064492590824699 1.0 0.2873478855663454 1.0 0.14852213144650114 1.0 0.2297939958485704 1.0 0.2250175801852048 1.0 1.0 0.1643989873053573 0.21110016546037455 1.0 0.5184758473652127 1.0 1.0 0.2064062748461344 0.37068123792912927 1.0 0.554700196225229 0.23180022278587673 0.5144957554275265 0.14976617288979535 1.0 0.48989794855663565 0.24253562503633297 0.2321753443823308 0.5946353169977331 0.45566118843288356 0.816496580927726 1.0 0.7071067811865476 0.24702463563420493 0.294231946196439 0.30845685446746224 0.7592566023652966 0.658504607868518 0.43328912241312106 0.7071067811865475 0.25982792098465235 1.0 0.4216370213557839 0.6246950475544243 0.40985241566284797 0.22555354977384037 0.0 0.20123585110162412 0.0 0.0 0.0 0.0 0.0 0.0 0.0 0.19261736493723072 0.0 0.2637063313749449 0.0 0.0 0.0 0.1917499506569442 0.0 0.0 0.0 0.0 0.0 0.0 0.0 0.0 0.30608862861263825 0.21885688981825285 0.0 0.0 0.0 0.0 0.0 0.0 0.0 0.0 0.0 0.0 0.0 0.0 0.0 0.0 0.0 0.0 0.0 0.0 0.0 0.0 0.0 0.0 0.0 0.0 0.0 0.0 0.0 0.0 0.19611613513818404 0.0 0.0 0.0 0.0 0.0 0.0 0.0 0.0 0.0 0.0 0.0 0.0 0.0 0.0 0.0 0.0 0.0 0.0 0.0 0.0 0.0 0.0 0.0 0.0 0.0 0.0 0.0 0.0 0.0 0.0 0.5773502691896257 0.1643989873053573 0.0 0.0
0.2250175801852048 0.2250175801852048 0.2250175801852048 0.19355132254496568 0.2250175801852048 0.1846387883749661 0.2250175801852048 0.2250175801852048 0.3436549595092446 0.5030120485161514 0.2250175801852048 0.06465832588147417 0.2250175801852048 0.5124413895379559 0.2250175801852048 0.051707688886934305 0.2250175801852048 1.0 0.2250175801852048 0.2250175801852048 0.41431781785351657 0.34675911338270576 0.2250175801852048 0.3033320694523437 0.2250175801852048 0.2250175801852048 0.3522082237986393 0.08340979517886882 0.2250175801852048 0.12481729588285931 0.3433809076829899 0.5981480478262816 0.45495029453302044 0.2250175801852048 0.1102356509219101 0.3313468752587468 0.35824137717653937 0.13380340012349207 0.5492773821722254 0.4225699952006553 0.2250175801852048 0.15911145683514602 0.41688664317405527 0.15133110982012818 0.3222524267105382 0.17084608340387927 0.1481751134033811 0.43177539503215945 0.556890098923011 0.4640726847283701 0.2250175801852048 0.332065097916916 0.5798403928118092 0.4092439946994718 0.2759722322243416 0.21476288651028916 0.43664404109204863 0.0 0.0 0.46806485956072247 0.16294764010028961 0.0 0.0 0.0 0.27088933349891353 0.32478490123081544 0.2432880983185822 0.24738434766809192 0.0 0.4440453146696168 0.3715445574503328 0.0 0.4011876400319459 0.0 0.0 0.0 0.0 0.5102652839070027 0.0 0.6297172345839881 0.49950171293102713 0.0 0.0 0.49038906578738034 0.09668306165459156 0.0 0.16498724453481617 0.397778642087865 0.0 0.3078103546534712 0.0 0.0 0.0 0.33275991713846437 0.0 0.0 0.0 0.0 0.0 0.0 0.0 0.0 0.0 0.0 0.0 0.0 0.0 0.0 0.13018210104693767 0.04412957816406879 0.33194515478642356 0.0 0.0 0.0 0.0 0.0 0.0 0.0 0.0 0.318222913670292 0.0 0.0 0.0 0.0 0.0 0.0 0.0 0.0 0.0 0.39777864208786506 0.0 0.0 0.0 0.3215206485222377 0.0 0.0 0.0 0.0 0.0 0.41813562538591276 0.4546988617231416 0.41431781785351657 0.0 0.3167404401528164
1.0 1.0 1.0 0.041959067914834454 1.0 0.06311944030978031 1.0 1.0 0.06863982230545802 0.1064492590824699 1.0 0.2873478855663454 1.0 0.14852213144650114 1.0 0.2297939958485704 1.0 0.2250175801852048 1.0 1.0 0.1643989873053573 0.21110016546037455 1.0 0.5184758473652127 1.0 1.0 0.2064062748461344 0.37068123792912927 1.0 0.554700196225229 0.23180022278587673 0.5144957554275265 0.14976617288979535 1.0 0.48989794855663565 0.24253562503633297 0.2321753443823308 0.5946353169977331 0.45566118843288356 0.816496580927726 1.0 0.7071067811865476 0.24702463563420493 0.294231946196439 0.30845685446746224 0.7592566023652966 0.658504607868518 0.43328912241312106 0.7071067811865475 0.25982792098465235 1.0 0.4216370213557839 0.6246950475544243 0.40985241566284797 0.22555354977384037 0.0 0.20123585110162412 0.0 0.0 0.0 0.0 0.0 0.0 0.0 0.19261736493723072 0.0 0.2637063313749449 0.0 0.0 0.0 0.1917499506569442 0.0 0.0 0.0 0.0 0.0 0.0 0.0 0.0 0.30608862861263825 0.21885688981825285 0.0 0.0 0.0 0.0 0.0 0.0 0.0 0.0 0.0 0.0 0.0 0.0 0.0 0.0 0.0 0.0 0.0 0.0 0.0 0.0 0.0 0.0 0.0 0.0 0.0 0.0 0.0 0.0 0.19611613513818404 0.0 0.0 0.0 0.0 0.0 0.0 0.0 0.0 0.0 0.0 0.0 0.0 0.0 0.0 0.0 0.0 0.0 0.0 0.0 0.0 0.0 0.0 0.0 0.0 0.0 0.0 0.0 0.0 0.0 0.0 0.5773502691896257 0.1643989873053573 0.0 0.0
1.0 1.0 1.0 0.041959067914834454 1.0 0.06311944030978031 1.0 1.0 0.06863982230545802 0.1064492590824699 1.0 0.2873478855663454 1.0 0.14852213144650114 1.0 0.2297939958485704 1.0 0.2250175801852048 1.0 1.0 0.1643989873053573 0.21110016546037455 1.0 0.5184758473652127 1.0 1.0 0.2064062748461344 0.37068123792912927 1.0 0.554700196225229 0.23180022278587673 0.5144957554275265 0.14976617288979535 1.0 0.48989794855663565 0.24253562503633297 0.2321753443823308 0.5946353169977331 0.45566118843288356 0.816496580927726 1.0 0.7071067811865476 0.24702463563420493 0.294231946196439 0.30845685446746224 0.7592566023652966 0.658504607868518 0.43328912241312106 0.7071067811865475 0.25982792098465235 1.0 0.4216370213557839 0.6246950475544243 0.40985241566284797 0.22555354977384037 0.0 0.20123585110162412 0.0 0.0 0.0 0.0 0.0 0.0 0.0 0.19261736493723072 0.0 0.2637063313749449 0.0 0.0 0.0 0.1917499506569442 0.0 0.0 0.0 0.0 0.0 0.0 0.0 0.0 0.30608862861263825 0.21885688981825285 0.0 0.0 0.0 0.0 0.0 0.0 0.0 0.0 0.0 0.0 0.0 0.0 0.0 0.0 0.0 0.0 0.0 0.0 0.0 0.0 0.0 0.0 0.0 0.0 0.0 0.0 0.0 0.0 0.19611613513818404 0.0 0.0 0.0 0.0 0.0 0.0 0.0 0.0 0.0 0.0 0.0 0.0 0.0 0.0 0.0 0.0 0.0 0.0 0.0 0.0 0.0 0.0 0.0 0.0 0.0 0.0 0.0 0.0 0.0 0.0 0.5773502691896257 0.1643989873053573 0.0 0.0
0.1643989873053573 0.1643989873053573 0.1643989873053573 0.21797769344182558 0.1643989873053573 0.3673377311437926 0.1643989873053573 0.1643989873053573 0.43106091993697243 0.3325028574587095 0.1643989873053573 0.04723970139144287 0.1643989873053573 0.4655486645760036 0.1643989873053573 0.12277817567065848 0.1643989873053573 0.41431781785351657 0.1643989873053573 0.1643989873053573 1.0 0.4206203994707487 0.1643989873053573 0.3443570931664769 0.1643989873053573 0.1643989873053573 0.6288912767448571 0.20719470843739315 0.1643989873053573 0.09119215051751063 0.3988608223770154 0.36652451838249056 0.47601387167650727 0.1643989873053573 0.25503930098132926 0.7632756989933757 0.6576040877347954 0.15641191028868387 0.20332778867453014 0.28457016741074626 0.1643989873053573 0.11624763874381928 0.6277238447518957 0.3330718740287579 0.5867870792356553 0.2532083478256297 0.10825749066949578 0.43553459108916676 0.3487429162314578 0.6076272347632603 0.1643989873053573 0.06931669932133817 0.10269923319261937 0.677162186900247 0.2067253215501593 0.1255254848052566 0.38470768123342686 0.0 0.0 0.27357645155253196 0.016326908396901554 0.22270112366296277 0.2774260556209774 0.0 0.46311670859669224 0.1898315991504998 0.431796416087557 0.19360651715136934 0.0 0.2595374103278126 0.44903471173711823 0.0 0.32532539188389903 0.0 0.0 0.0 0.19795882395911557 0.3304842975938464 0.0 0.5449008673108475 0.5181098551332614 0.0 0.0 0.33508270921510597 0.10831027527947537 0.0 0.1285765536956437 0.23249527748763854 0.0 0.2932537028942811 0.0 0.0 0.0 0.2155191249556664 0.0 0.0 0.0 0.0 0.0 0.0 0.0 0.0 0.047847133369734 0.11447276140642848 0.0 0.0 0.0 0.0 0.14372435335599473 0.03224129401095805 0.3777618366246507 0.0 0.0 0.1911526422226962 0.0 0.0 0.0 0.0 0.0 0.16274669424134697 0.0 0.19727878476642874 0.19727878476642874 0.19727878476642874 0.19727878476642874 0.19727878476642874 0.1338554149476983 0.19727878476642874 0.19727878476642874 0.3719924439802217 0.19727878476642874 0.19727878476642874 0.12323907983114324 0.0 0.12323907983114324 0.19727878476642874 0.28814410809007884 0.19727878476642874 0.19727878476642874 0.3983615840164918 0.4555958379611995 1.0 0.19727878476642874 0.45151086550633623
0.21110016546037455 0.21110016546037455 0.21110016546037455 0.451735875148617 0.21110016546037455 0.18387843524561986 0.21110016546037455 0.21110016546037455 0.2984914836245697 0.4853834540375833 0.21110016546037455 0.06065918618774428 0.21110016546037455 0.26127538769069913 0.21110016546037455 0.291057303272603 0.21110016546037455 0.34675911338270576 0.21110016546037455 0.21110016546037455 0.4206203994707487 1.0000000000000002 0.21110016546037455 0.38088717333769495 0.21110016546037455 0.21110016546037455 0.3006495515273418 0.28691985908628403 0.21110016546037455 0.11709730320404808 0.48933065383850266 0.43444055639764495 0.5585433951674507 0.21110016546037455 0.2585438449975096 0.6304829387975276 0.5335333893510894 0.21967332416190652 0.22535978532309472 0.31714711653027844 0.21110016546037455 0.3283947887145927 0.6063944334929698 0.31056206262898145 0.2846468523247599 0.3800906609729789 0.13901043167746321 0.41291000167163644 0.4179570038185725 0.48953372521643573 0.21110016546037455 0.08900764497242546 0.13187322790101552 0.4931635027363401 0.33806218090977097 0.14506540424363004 0.5425420541273752 0.0 0.0 0.3161627186509299 0.1904314366217348 0.34951194250333606 0.07916335090830431 0.0 0.43812828323472036 0.2193817272381392 0.5388705978024085 0.335144367221904 0.0 0.29993829065038086 0.6152723839226336 0.0 0.3200874773968503 0.0 0.0 0.0 0.0 0.34156262961846484 0.0 0.4818459713719744 0.5280082931745844 0.0 0.0 0.3058229496904191 0.12547273377063844 0.0 0.12382618137297349 0.2686866453119395 0.0 0.27260093636507216 0.0 0.0 0.0 0.23286836243662543 0.25332019855244947 0.25332019855244947 0.25332019855244947 0.25332019855244947 0.25332019855244947 0.24575669076098522 0.25332019855244947 0.25332019855244947 0.4014025949096091 0.2719338826164946 0.25332019855244947 0.25332019855244947 0.1335114674586382 0.21722027819882248 0.31211074960477825 0.2898010400398388 0.3839554305542581 0.0 0.25332019855244947 0.0 0.08092016914814583 0.25332019855244947 0.25332019855244947 0.25332019855244947 0.25332019855244947 0.17912443020795965 0.25332019855244947 0.25332019855244947 0.25332019855244947 0.25332019855244947 0.25332019855244947 0.25332019855244947 0.03033176718033018 0.25332019855244947 0.25332019855244947 0.4478110755198992 0.25332019855244947 0.25332019855244947 0.35605771533274194 0.10341753799900384 0.15824787348121863 0.25332019855244947 0.24152636258839308 0.25332019855244947 0.25332019855244947 0.28243713106530843 0.34126046459266096 0.4206203994707487 0.25332019855244947 0.40016191245685484
1.0 1.0 1.0 0.041959067914834454 1.0 0.06311944030978031 1.0 1.0 0.06863982230545802 0.1064492590824699 1.0 0.2873478855663454 1.0 0.14852213144650114 1.0 0.2297939958485704 1.0 0.2250175801852048 1.0 1.0 0.1643989873053573 0.21110016546037455 1.0 0.5184758473652127 1.0 1.0 0.2064062748461344 0.37068123792912927 1.0 0.554700196225229 0.23180022278587673 0.5144957554275265 0.14976617288979535 1.0 0.48989794855663565 0.24253562503633297 0.2321753443823308 0.5946353169977331 0.45566118843288356 0.816496580927726 1.0 0.7071067811865476 0.24702463563420493 0.294231946196439 0.30845685446746224 0.7592566023652966 0.658504607868518 0.43328912241312106 0.7071067811865475 0.25982792098465235 1.0 0.4216370213557839 0.6246950475544243 0.40985241566284797 0.22555354977384037 0.0 0.20123585110162412 0.0 0.0 0.0 0.0 0.0 0.0 0.0 0.19261736493723072 0.0 0.2637063313749449 0.0 0.0 0.0 0.1917499506569442 0.0 0.0 0.0 0.0 0.0 0.0 0.0 0.0 0.30608862861263825 0.21885688981825285 0.0 0.0 0.0 0.0 0.0 0.0 0.0 0.0 0.0 0.0 0.0 0.0 0.0 0.0 0.0 0.0 0.0 0.0 0.0 0.0 0.0 0.0 0.0 0.0 0.0 0.0 0.0 0.0 0.19611613513818404 0.0 0.0 0.0 0.0 0.0 0.0 0.0 0.0 0.0 0.0 0.0 0.0 0.0 0.0 0.0 0.0 0.0 0.0 0.0 0.0 0.0 0.0 0.0 0.0 0.0 0.0 0.0 0.0 0.0 0.0 0.5773502691896257 0.1643989873053573 0.0 0.0
0.5184758473652127 0.5184758473652127 0.5184758473652127 0.0217547632917983 0.5184758473652127 0.03272590529983131 0.5184758473652127 0.5184758473652127 0.24911663022973982 0.05519136980418264 0.5184758473652127 0.1489829384576131 0.5184758473652127 0.18994600695372335 0.5184758473652127 0.11914263671702571 0.5184758473652127 0.3033320694523437 0.5184758473652127 0.5184758473652127 0.3443570931664769 0.38088717333769495 0.5184758473652127 1.0 0.5184758473652127 0.5184758473652127 0.4708733403103247 0.1921892689376913 0.5184758473652127 0.28759865427152537 0.24036563385670504 0.266753622761092 0.2536571350925598 0.5184758473652127 0.508000508000762 0.44191743531304567 0.36801062858587075 0.5857776947219948 0.2767492043471813 0.4233337566673017 0.5184758473652127 0.36661778755338326 0.4500967370144246 0.3617665452276427 0.3792564744753406 0.6635918973274225 0.341418734558527 0.2246499448972723 0.3666177875533832 0.4176149546551433 0.5184758473652127 0.21860861192798434 0.32388929412563194 0.3612475834593066 0.3099017797898424 0.0 0.1878046711563138 0.0 0.0 0.0 0.07723685958795945 0.0 0.0 0.0 0.3245692173850266 0.0 0.2023535381504903 0.13912166872805048 0.0 0.0 0.3203459807026454 0.0 0.0 0.0 0.0 0.0 0.0 0.17794853008122857 0.0 0.2675221172639662 0.4182254134465754 0.0 0.0 0.0650321399159099 0.15594107177393957 0.0 0.0 0.0 0.0 0.0 0.0 0.0 0.0 0.0 0.0 0.0 0.0 0.0 0.0 0.0 0.0 0.0 0.10059909096557137 0.5415303610738823 0.0 0.0 0.0 0.0 0.19997333866548178 0.10168147934776053 0.0 0.0 0.0 0.0 0.0 0.0 0.0 0.0 0.0 0.29329423004270655 0.0 0.0 0.0 0.0 0.0 0.0 0.0 0.0 0.0 0.0 0.0 0.0 0.0 0.0 0.0 0.0 0.0 0.0 0.0 0.0 0.2993421700446248 0.3443570931664769 0.0 0.2335423114484062
