1.0000000000000002 0.9999991438345479 0.9999998720937314 0.9999997266847839 0.9999958352632042 0.9999979321905713 0.9999983402614586 0.9999982819929282 0.9999982670263928 0.9999983772132173 0.9999975264869364 0.9999980796011101 0.9999967139516988 0.9999924596896606 0.9999982193805557 0.9999982482964425 0.9999944326289703 0.999997984895192 0.9999979746490907 0.9999978816497831 0.9999978071170869 0.9999976525254779 0.9999976699378305 0.9999937476986878 0.9999914604873302 0.9999924519308427 0.9999910184819621 0.9999868430892667 0.999992097045332 0.9999910508788277 0.9999918791558234 0.9999916450982772 0.9999912123917334 0.9999916718207156 0.9999922251262027 0.999991761893239 0.999991294096726 0.9999843124568838 0.9999900971876767 0.9999896290728202 0.9999896290728202 0.9999896290728202 0.9999896290728202 0.9999896290728202 0.9999896290728202 0.9999896290728202 0.9999896290728202 0.9999896290728202 0.9999896290728202 0.9999896290728202 0.9999896290728202 0.9999896290728202 0.9999896290728202 0.9999896290728202 0.9999896290728202 0.9999896290728202 0.9999896290728202 0.9999896290728202 0.9999896290728202 0.9999896290728202 0.9999896290728202 0.9999896290728202 0.9999896290728202 0.9999896290728202 0.9999896290728202 0.9999896290728202 0.9999896290728202 0.9999896290728202 0.9999896290728202 0.9999896290728202 0.9999896290728202 0.9999896290728202 0.9999896290728202 0.9999896290728202 0.9999896290728202 0.9999896290728202 0.9999896290728202 0.9999896290728202 0.9999896290728202 0.9999896290728202 0.9999896290728202 0.9999896290728202 0.9999896290728202 0.9999896290728202 0.9999896290728202 0.9999896290728202 0.9999896290728202 0.9999896290728202 0.9999896290728202 0.9999896290728202 0.9999896290728202 0.9999896290728202 0.9999896290728202 0.9999896290728202 0.9999896290728202 0.9999896290728202 0.9999896290728202 0.9999896290728202 0.9999896290728202 0.9999896290728202 0.9999896290728202 0.9999896290728202 0.9999896290728202 0.9999896290728202 0.9999896290728202 0.9999896290728202 0.9999896290728202 0.9999896290728202 0.9999896290728202 0.9999896290728202 0.9999896290728202 0.9999896290728202 0.9999896290728202 0.9999896290728202 0.9999896290728202 0.9999896290728202 0.9999896290728202 0.9999896290728202 0.9999896290728202 0.9999896290728202 0.9999896290728202 0.9999896290728202 0.9999896290728202 0.9999896290728202 0.9999896290728202 0.9999896290728202 0.9999896290728202 0.9999896290728202 0.9999896290728202 0.9999896290728202 0.9999896290728202 0.9999896290728202 0.9999896290728202 0.9999896290728202 0.9999896290728202 0.9999896290728202 0.9999896290728202 0.9999896290728202 0.9999896290728202 0.9999896290728202 0.9999896290728202 0.9999896290728202 0.9999896290728202 0.9999896290728202
0.9999991438345479 1.0000000000000002 0.999999636221558 0.9999981554989308 0.9999983953402851 0.9999985074100601 0.9999980405192849 0.9999982056770379 0.999998234810189 0.9999978332303743 0.9999985022804131 0.9999975833438964 0.9999978115422543 0.9999962008483262 0.9999968245624616 0.9999984540683854 0.9999901597925341 0.9999975123752659 0.9999975422491042 0.9999977107529647 0.9999963548003074 0.9999973280894848 0.9999972908106808 0.9999911526351958 0.9999932223339575 0.9999934268805923 0.9999929433261919 0.9999906060316697 0.9999930490873737 0.9999926607095724 0.9999926436026946 0.9999926478377467 0.9999885374878558 0.9999919465158201 0.9999921036088955 0.9999922440256218 0.9999922292253517 0.9999879622144285 0.9999898268791607 0.9999900913878195 0.9999900913878195 0.9999900913878195 0.9999900913878195 0.9999900913878195 0.9999900913878195 0.9999900913878195 0.9999900913878195 0.9999900913878195 0.9999900913878195 0.9999900913878195 0.9999900913878195 0.9999900913878195 0.9999900913878195 0.9999900913878195 0.9999900913878195 0.9999900913878195 0.9999900913878195 0.9999900913878195 0.9999900913878195 0.9999900913878195 0.9999900913878195 0.9999900913878195 0.9999900913878195 0.9999900913878195 0.9999900913878195 0.9999900913878195 0.9999900913878195 0.9999900913878195 0.9999900913878195 0.9999900913878195 0.9999900913878195 0.9999900913878195 0.9999900913878195 0.9999900913878195 0.9999900913878195 0.9999900913878195 0.9999900913878195 0.9999900913878195 0.9999900913878195 0.9999900913878195 0.9999900913878195 0.9999900913878195 0.9999900913878195 0.9999900913878195 0.9999900913878195 0.9999900913878195 0.9999900913878195 0.9999900913878195 0.9999900913878195 0.9999900913878195 0.9999900913878195 0.9999900913878195 0.9999900913878195 0.9999900913878195 0.9999900913878195 0.9999900913878195 0.9999900913878195 0.9999900913878195 0.9999900913878195 0.9999900913878195 0.9999900913878195 0.9999900913878195 0.9999900913878195 0.9999900913878195 0.9999900913878195 0.9999900913878195 0.9999900913878195 0.9999900913878195 0.9999900913878195 0.9999900913878195 0.9999900913878195 0.9999900913878195 0.9999900913878195 0.9999900913878195 0.9999900913878195 0.9999900913878195 0.9999900913878195 0.9999900913878195 0.9999900913878195 0.9999900913878195 0.9999900913878195 0.9999900913878195 0.9999900913878195 0.9999900913878195 0.9999900913878195 0.9999900913878195 0.9999900913878195 0.9999900913878195 0.9999900913878195 0.9999900913878195 0.9999900913878195 0.9999900913878195 0.9999900913878195 0.9999900913878195 0.9999900913878195 0.9999900913878195 0.9999900913878195 0.9999900913878195 0.9999900913878195 0.9999900913878195 0.9999900913878195 0.9999900913878195 0.9999900913878195 0.9999900913878195
0.9999998720937314 0.999999636221558 1.0 0.9999993979514022 0.9999970406606278 0.9999985196799089 0.9999985998693273 0.9999986166396163 0.9999986164738375 0.9999985459873861 0.9999982113769667 0.9999982833315503 0.9999974808662452 0.9999941758476614 0.9999981412968038 0.9999987079902266 0.9999932213052416 0.9999980270212474 0.9999980301623467 0.9999980296222606 0.99999751961769 0.9999977500320455 0.9999977491911183 0.9999933279731977 0.9999924852017644 0.9999932118652164 0.9999921310502566 0.9999885415377403 0.9999928496521385 0.9999920220650732 0.9999925704698281 0.9999924166008332 0.9999906233499535 0.9999920708244878 0.9999924847145585 0.9999922349812363 0.9999919243359049 0.9999859083083356 0.9999903586632671 0.9999901363600968 0.9999901363600968 0.9999901363600968 0.9999901363600968 0.9999901363600968 0.9999901363600968 0.9999901363600968 0.9999901363600968 0.9999901363600968 0.9999901363600968 0.9999901363600968 0.9999901363600968 0.9999901363600968 0.9999901363600968 0.9999901363600968 0.9999901363600968 0.9999901363600968 0.9999901363600968 0.9999901363600968 0.9999901363600968 0.9999901363600968 0.9999901363600968 0.9999901363600968 0.9999901363600968 0.9999901363600968 0.9999901363600968 0.9999901363600968 0.9999901363600968 0.9999901363600968 0.9999901363600968 0.9999901363600968 0.9999901363600968 0.9999901363600968 0.9999901363600968 0.9999901363600968 0.9999901363600968 0.9999901363600968 0.9999901363600968 0.9999901363600968 0.9999901363600968 0.9999901363600968 0.9999901363600968 0.9999901363600968 0.9999901363600968 0.9999901363600968 0.9999901363600968 0.9999901363600968 0.9999901363600968 0.9999901363600968 0.9999901363600968 0.9999901363600968 0.9999901363600968 0.9999901363600968 0.9999901363600968 0.9999901363600968 0.9999901363600968 0.9999901363600968 0.9999901363600968 0.9999901363600968 0.9999901363600968 0.9999901363600968 0.9999901363600968 0.9999901363600968 0.9999901363600968 0.9999901363600968 0.9999901363600968 0.9999901363600968 0.9999901363600968 0.9999901363600968 0.9999901363600968 0.9999901363600968 0.9999901363600968 0.9999901363600968 0.9999901363600968 0.9999901363600968 0.9999901363600968 0.9999901363600968 0.9999901363600968 0.9999901363600968 0.9999901363600968 0.9999901363600968 0.9999901363600968 0.9999901363600968 0.9999901363600968 0.9999901363600968 0.9999901363600968 0.9999901363600968 0.9999901363600968 0.9999901363600968 0.9999901363600968 0.9999901363600968 0.9999901363600968 0.9999901363600968 0.9999901363600968 0.9999901363600968 0.9999901363600968 0.9999901363600968 0.9999901363600968 0.9999901363600968 0.9999901363600968 0.9999901363600968 0.9999901363600968 0.9999901363600968 0.9999901363600968 0.9999901363600968
0.9999997266847839 0.9999981554989308 0.9999993979514022 1.0 0.9999944150281872 0.9999973227945604 0.9999981097520412 0.9999979470795008 0.9999979114627724 0.9999982393348953 0.9999967525652047 0.9999980142091146 0.9999959477146076 0.9999905113472471 0.9999987447832966 0.9999980289878122 0.9999961246426785 0.9999978683378354 0.9999978393211255 0.9999976348264868 0.9999981283543758 0.9999974947175303 0.9999975376991959 0.9999955041724816 0.9999914934329488 0.9999928419004547 0.9999910430894269 0.9999859029699848 0.9999924343829427 0.9999911215979849 0.9999923584029468 0.9999920162116249 0.9999929882486829 0.9999920994557724 0.9999928006432818 0.9999920848717228 0.9999914186748214 0.9999833291145287 0.9999908279877416 0.9999900254808045 0.9999900254808045 0.9999900254808045 0.9999900254808045 0.9999900254808045 0.9999900254808045 0.9999900254808045 0.9999900254808045 0.9999900254808045 0.9999900254808045 0.9999900254808045 0.9999900254808045 0.9999900254808045 0.9999900254808045 0.9999900254808045 0.9999900254808045 0.9999900254808045 0.9999900254808045 0.9999900254808045 0.9999900254808045 0.9999900254808045 0.9999900254808045 0.9999900254808045 0.9999900254808045 0.9999900254808045 0.9999900254808045 0.9999900254808045 0.9999900254808045 0.9999900254808045 0.9999900254808045 0.9999900254808045 0.9999900254808045 0.9999900254808045 0.9999900254808045 0.9999900254808045 0.9999900254808045 0.9999900254808045 0.9999900254808045 0.9999900254808045 0.9999900254808045 0.9999900254808045 0.9999900254808045 0.9999900254808045 0.9999900254808045 0.9999900254808045 0.9999900254808045 0.9999900254808045 0.9999900254808045 0.9999900254808045 0.9999900254808045 0.9999900254808045 0.9999900254808045 0.9999900254808045 0.9999900254808045 0.9999900254808045 0.9999900254808045 0.9999900254808045 0.9999900254808045 0.9999900254808045 0.9999900254808045 0.9999900254808045 0.9999900254808045 0.9999900254808045 0.9999900254808045 0.9999900254808045 0.9999900254808045 0.9999900254808045 0.9999900254808045 0.9999900254808045 0.9999900254808045 0.9999900254808045 0.9999900254808045 0.9999900254808045 0.9999900254808045 0.9999900254808045 0.9999900254808045 0.9999900254808045 0.9999900254808045 0.9999900254808045 0.9999900254808045 0.9999900254808045 0.9999900254808045 0.9999900254808045 0.9999900254808045 0.9999900254808045 0.9999900254808045 0.9999900254808045 0.9999900254808045 0.9999900254808045 0.9999900254808045 0.9999900254808045 0.9999900254808045 0.9999900254808045 0.9999900254808045 0.9999900254808045 0.9999900254808045 0.9999900254808045 0.9999900254808045 0.9999900254808045 0.9999900254808045 0.9999900254808045 0.9999900254808045 0.9999900254808045 0.9999900254808045 0.9999900254808045
0.9999958352632042 0.9999983953402851 0.9999970406606278 0.9999944150281872 1.0 0.9999985115443547 0.9999973158037433 0.9999976894307855 0.9999977596122979 0.9999968814575896 0.9999990780933329 0.9999969184542049 0.9999989222620164 0.9999992432282451 0.9999947733809622 0.9999978866703843 0.9999842027427319 0.9999950501494083 0.9999951165974198 0.9999955126975091 0.9999929137070396 0.9999948383223625 0.9999947512939034 0.999987667660977 0.9999939123567686 0.9999933891562456 0.99999370332958 0.9999927324562942 0.9999925893716421 0.9999928245375195 0.9999920249740016 0.9999922484865303 0.9999848191786711 0.999990944835601 0.9999907220771416 0.9999913947609707 0.9999918519564877 0.9999897766709271 0.9999878643518567 0.9999887995395985 0.9999887995395985 0.9999887995395985 0.9999887995395985 0.9999887995395985 0.9999887995395985 0.9999887995395985 0.9999887995395985 0.9999887995395985 0.9999887995395985 0.9999887995395985 0.9999887995395985 0.9999887995395985 0.9999887995395985 0.9999887995395985 0.9999887995395985 0.9999887995395985 0.9999887995395985 0.9999887995395985 0.9999887995395985 0.9999887995395985 0.9999887995395985 0.9999887995395985 0.9999887995395985 0.9999887995395985 0.9999887995395985 0.9999887995395985 0.9999887995395985 0.9999887995395985 0.9999887995395985 0.9999887995395985 0.9999887995395985 0.9999887995395985 0.9999887995395985 0.9999887995395985 0.9999887995395985 0.9999887995395985 0.9999887995395985 0.9999887995395985 0.9999887995395985 0.9999887995395985 0.9999887995395985 0.9999887995395985 0.9999887995395985 0.9999887995395985 0.9999887995395985 0.9999887995395985 0.9999887995395985 0.9999887995395985 0.9999887995395985 0.9999887995395985 0.9999887995395985 0.9999887995395985 0.9999887995395985 0.9999887995395985 0.9999887995395985 0.9999887995395985 0.9999887995395985 0.9999887995395985 0.9999887995395985 0.9999887995395985 0.9999887995395985 0.9999887995395985 0.9999887995395985 0.9999887995395985 0.9999887995395985 0.9999887995395985 0.9999887995395985 0.9999887995395985 0.9999887995395985 0.9999887995395985 0.9999887995395985 0.9999887995395985 0.9999887995395985 0.9999887995395985 0.9999887995395985 0.9999887995395985 0.9999887995395985 0.9999887995395985 0.9999887995395985 0.9999887995395985 0.9999887995395985 0.9999887995395985 0.9999887995395985 0.9999887995395985 0.9999887995395985 0.9999887995395985 0.9999887995395985 0.9999887995395985 0.9999887995395985 0.9999887995395985 0.9999887995395985 0.9999887995395985 0.9999887995395985 0.9999887995395985 0.9999887995395985 0.9999887995395985 0.9999887995395985 0.9999887995395985 0.9999887995395985 0.9999887995395985 0.9999887995395985 0.9999887995395985 0.9999887995395985 0.9999887995395985
0.9999979321905713 0.9999985074100601 0.9999985196799089 0.9999973227945604 0.9999985115443547 1.0 0.9999997604611766 0.999999856857701 0.9999998723119912 0.999999613903046 0.9999998574229063 0.9999995910700796 0.9999997587557349 0.9999969646055548 0.9999982961853872 0.9999994176301694 0.999990407344903 0.9999964520396264 0.9999964680856125 0.9999965457679159 0.9999955486787043 0.9999960126384825 0.9999959943452215 0.9999918857981387 0.9999921305435943 0.9999925994199159 0.9999917831497454 0.9999884587494163 0.9999918584886528 0.9999911998141481 0.9999914516681825 0.9999913746145529 0.9999883220820049 0.9999907176565912 0.9999910088166523 0.9999909402978869 0.9999908516490142 0.9999853920872144 0.9999884107804876 0.9999884202379419 0.9999884202379419 0.9999884202379419 0.9999884202379419 0.9999884202379419 0.9999884202379419 0.9999884202379419 0.9999884202379419 0.9999884202379419 0.9999884202379419 0.9999884202379419 0.9999884202379419 0.9999884202379419 0.9999884202379419 0.9999884202379419 0.9999884202379419 0.9999884202379419 0.9999884202379419 0.9999884202379419 0.9999884202379419 0.9999884202379419 0.9999884202379419 0.9999884202379419 0.9999884202379419 0.9999884202379419 0.9999884202379419 0.9999884202379419 0.9999884202379419 0.9999884202379419 0.9999884202379419 0.9999884202379419 0.9999884202379419 0.9999884202379419 0.9999884202379419 0.9999884202379419 0.9999884202379419 0.9999884202379419 0.9999884202379419 0.9999884202379419 0.9999884202379419 0.9999884202379419 0.9999884202379419 0.9999884202379419 0.9999884202379419 0.9999884202379419 0.9999884202379419 0.9999884202379419 0.9999884202379419 0.9999884202379419 0.9999884202379419 0.9999884202379419 0.9999884202379419 0.9999884202379419 0.9999884202379419 0.9999884202379419 0.9999884202379419 0.9999884202379419 0.9999884202379419 0.9999884202379419 0.9999884202379419 0.9999884202379419 0.9999884202379419 0.9999884202379419 0.9999884202379419 0.9999884202379419 0.9999884202379419 0.9999884202379419 0.9999884202379419 0.9999884202379419 0.9999884202379419 0.9999884202379419 0.9999884202379419 0.9999884202379419 0.9999884202379419 0.9999884202379419 0.9999884202379419 0.9999884202379419 0.9999884202379419 0.9999884202379419 0.9999884202379419 0.9999884202379419 0.9999884202379419 0.9999884202379419 0.9999884202379419 0.9999884202379419 0.9999884202379419 0.9999884202379419 0.9999884202379419 0.9999884202379419 0.9999884202379419 0.9999884202379419 0.9999884202379419 0.9999884202379419 0.9999884202379419 0.9999884202379419 0.9999884202379419 0.9999884202379419 0.9999884202379419 0.9999884202379419 0.9999884202379419 0.9999884202379419 0.9999884202379419 0.9999884202379419 0.9999884202379419 0.9999884202379419
0.9999983402614586 0.9999980405192849 0.9999985998693273 0.9999981097520412 0.9999973158037433 0.9999997604611766 0.9999999999999998 0.9999999848561394 0.9999999782859291 0.9999999813935216 0.9999994857717293 0.9999999611672947 0.9999993488213678 0.9999951088905957 0.9999990475240689 0.9999993689013922 0.9999925807171457 0.9999967403012101 0.9999967362919248 0.9999966780652318 0.9999963151571606 0.9999962034756145 0.9999962125370684 0.9999932312072487 0.9999913813532402 0.9999922428453039 0.9999909176098085 0.9999866464797161 0.9999914507970203 0.9999904735196418 0.9999911460595519 0.9999909499573987 0.9999898312596333 0.999990756804357 0.9999912454444299 0.9999908647516701 0.9999905532403546 0.9999836616840457 0.9999886225738216 0.9999882660241376 0.9999882660241376 0.9999882660241376 0.9999882660241376 0.9999882660241376 0.9999882660241376 0.9999882660241376 0.9999882660241376 0.9999882660241376 0.9999882660241376 0.9999882660241376 0.9999882660241376 0.9999882660241376 0.9999882660241376 0.9999882660241376 0.9999882660241376 0.9999882660241376 0.9999882660241376 0.9999882660241376 0.9999882660241376 0.9999882660241376 0.9999882660241376 0.9999882660241376 0.9999882660241376 0.9999882660241376 0.9999882660241376 0.9999882660241376 0.9999882660241376 0.9999882660241376 0.9999882660241376 0.9999882660241376 0.9999882660241376 0.9999882660241376 0.9999882660241376 0.9999882660241376 0.9999882660241376 0.9999882660241376 0.9999882660241376 0.9999882660241376 0.9999882660241376 0.9999882660241376 0.9999882660241376 0.9999882660241376 0.9999882660241376 0.9999882660241376 0.9999882660241376 0.9999882660241376 0.9999882660241376 0.9999882660241376 0.9999882660241376 0.9999882660241376 0.9999882660241376 0.9999882660241376 0.9999882660241376 0.9999882660241376 0.9999882660241376 0.9999882660241376 0.9999882660241376 0.9999882660241376 0.9999882660241376 0.9999882660241376 0.9999882660241376 0.9999882660241376 0.9999882660241376 0.9999882660241376 0.9999882660241376 0.9999882660241376 0.9999882660241376 0.9999882660241376 0.9999882660241376 0.9999882660241376 0.9999882660241376 0.9999882660241376 0.9999882660241376 0.9999882660241376 0.9999882660241376 0.9999882660241376 0.9999882660241376 0.9999882660241376 0.9999882660241376 0.9999882660241376 0.9999882660241376 0.9999882660241376 0.9999882660241376 0.9999882660241376 0.9999882660241376 0.9999882660241376 0.9999882660241376 0.9999882660241376 0.9999882660241376 0.9999882660241376 0.9999882660241376 0.9999882660241376 0.9999882660241376 0.9999882660241376 0.9999882660241376 0.9999882660241376 0.9999882660241376 0.9999882660241376 0.9999882660241376 0.9999882660241376 0.9999882660241376 0.9999882660241376 0.9999882660241376 0.9999882660241376
0.9999982819929282 0.9999982056770379 0.9999986166396163 0.9999979470795008 0.9999976894307855 0.999999856857701 0.9999999848561394 0.9999999999999999 0.9999999994096677 0.9999999349102515 0.9999996443683346 0.9999999180688548 0.9999995172928101 0.9999956212967285 0.9999988756560207 0.9999994139099727 0.9999920465808999 0.999996725663399 0.9999967271060282 0.999996703323762 0.999996167589447 0.9999962070056152 0.9999962086363652 0.9999928805374383 0.9999916242972668 0.9999923792867569 0.9999911756752374 0.99998715861472 0.9999915825442326 0.9999906947836729 0.9999912519272522 0.9999910880708665 0.9999894964786934 0.99999082207647 0.9999912583655253 0.9999909571760226 0.9999907062283647 0.9999841700339529 0.9999886028957532 0.9999883456134393 0.9999883456134393 0.9999883456134393 0.9999883456134393 0.9999883456134393 0.9999883456134393 0.9999883456134393 0.9999883456134393 0.9999883456134393 0.9999883456134393 0.9999883456134393 0.9999883456134393 0.9999883456134393 0.9999883456134393 0.9999883456134393 0.9999883456134393 0.9999883456134393 0.9999883456134393 0.9999883456134393 0.9999883456134393 0.9999883456134393 0.9999883456134393 0.9999883456134393 0.9999883456134393 0.9999883456134393 0.9999883456134393 0.9999883456134393 0.9999883456134393 0.9999883456134393 0.9999883456134393 0.9999883456134393 0.9999883456134393 0.9999883456134393 0.9999883456134393 0.9999883456134393 0.9999883456134393 0.9999883456134393 0.9999883456134393 0.9999883456134393 0.9999883456134393 0.9999883456134393 0.9999883456134393 0.9999883456134393 0.9999883456134393 0.9999883456134393 0.9999883456134393 0.9999883456134393 0.9999883456134393 0.9999883456134393 0.9999883456134393 0.9999883456134393 0.9999883456134393 0.9999883456134393 0.9999883456134393 0.9999883456134393 0.9999883456134393 0.9999883456134393 0.9999883456134393 0.9999883456134393 0.9999883456134393 0.9999883456134393 0.9999883456134393 0.9999883456134393 0.9999883456134393 0.9999883456134393 0.9999883456134393 0.9999883456134393 0.9999883456134393 0.9999883456134393 0.9999883456134393 0.9999883456134393 0.9999883456134393 0.9999883456134393 0.9999883456134393 0.9999883456134393 0.9999883456134393 0.9999883456134393 0.9999883456134393 0.9999883456134393 0.9999883456134393 0.9999883456134393 0.9999883456134393 0.9999883456134393 0.9999883456134393 0.9999883456134393 0.9999883456134393 0.9999883456134393 0.9999883456134393 0.9999883456134393 0.9999883456134393 0.9999883456134393 0.9999883456134393 0.9999883456134393 0.9999883456134393 0.9999883456134393 0.9999883456134393 0.9999883456134393 0.9999883456134393 0.9999883456134393 0.9999883456134393 0.9999883456134393 0.9999883456134393 0.9999883456134393 0.9999883456134393 0.9999883456134393
0.9999982670263928 0.999998234810189 0.9999986164738375 0.9999979114627724 0.9999977596122979 0.9999998723119912 0.9999999782859291 0.9999999994096677 1.0 0.9999999221590847 0.9999996720931557 0.9999999059635987 0.9999995469428394 0.9999957189208046 0.9999988382120969 0.9999994192874553 0.999991937794426 0.9999967194606676 0.9999967219798511 0.9999967049984797 0.9999961351545417 0.9999962044102516 0.9999962045736952 0.9999928078564919 0.9999916687824505 0.9999924027431941 0.9999912231386385 0.9999872563203452 0.999991605140702 0.9999907350502996 0.9999912694056471 0.9999911119162989 0.9999894270412583 0.9999908316342554 0.9999912575850916 0.9999909720930814 0.9999907331013069 0.999984267123065 0.9999885957595334 0.9999883580794562 0.9999883580794562 0.9999883580794562 0.9999883580794562 0.9999883580794562 0.9999883580794562 0.9999883580794562 0.9999883580794562 0.9999883580794562 0.9999883580794562 0.9999883580794562 0.9999883580794562 0.9999883580794562 0.9999883580794562 0.9999883580794562 0.9999883580794562 0.9999883580794562 0.9999883580794562 0.9999883580794562 0.9999883580794562 0.9999883580794562 0.9999883580794562 0.9999883580794562 0.9999883580794562 0.9999883580794562 0.9999883580794562 0.9999883580794562 0.9999883580794562 0.9999883580794562 0.9999883580794562 0.9999883580794562 0.9999883580794562 0.9999883580794562 0.9999883580794562 0.9999883580794562 0.9999883580794562 0.9999883580794562 0.9999883580794562 0.9999883580794562 0.9999883580794562 0.9999883580794562 0.9999883580794562 0.9999883580794562 0.9999883580794562 0.9999883580794562 0.9999883580794562 0.9999883580794562 0.9999883580794562 0.9999883580794562 0.9999883580794562 0.9999883580794562 0.9999883580794562 0.9999883580794562 0.9999883580794562 0.9999883580794562 0.9999883580794562 0.9999883580794562 0.9999883580794562 0.9999883580794562 0.9999883580794562 0.9999883580794562 0.9999883580794562 0.9999883580794562 0.9999883580794562 0.9999883580794562 0.9999883580794562 0.9999883580794562 0.9999883580794562 0.9999883580794562 0.9999883580794562 0.9999883580794562 0.9999883580794562 0.9999883580794562 0.9999883580794562 0.9999883580794562 0.9999883580794562 0.9999883580794562 0.9999883580794562 0.9999883580794562 0.9999883580794562 0.9999883580794562 0.9999883580794562 0.9999883580794562 0.9999883580794562 0.9999883580794562 0.9999883580794562 0.9999883580794562 0.9999883580794562 0.9999883580794562 0.9999883580794562 0.9999883580794562 0.9999883580794562 0.9999883580794562 0.9999883580794562 0.9999883580794562 0.9999883580794562 0.9999883580794562 0.9999883580794562 0.9999883580794562 0.9999883580794562 0.9999883580794562 0.9999883580794562 0.9999883580794562 0.9999883580794562 0.9999883580794562
0.9999983772132173 0.9999978332303743 0.9999985459873861 0.9999982393348953 0.9999968814575896 0.999999613903046 0.9999999813935216 0.9999999349102515 0.9999999221590847 1.0 0.9999992897744524 0.9999999728459136 0.9999991401778775 0.9999945266397348 0.9999991891817832 0.9999992863563916 0.9999931523629604 0.9999967841111721 0.9999967744973837 0.9999966786586378 0.9999964983304681 0.9999962262113259 0.9999962429130482 0.9999935404219036 0.999991071368406 0.9999920431733075 0.9999905763802114 0.9999860631202752 0.9999912612570091 0.9999901907493604 0.9999909801378482 0.9999907506422389 0.9999901904635677 0.9999907042530249 0.9999912481234864 0.9999907808021711 0.999990406632239 0.9999831339557927 0.9999886509028851 0.999988192123812 0.999988192123812 0.999988192123812 0.999988192123812 0.999988192123812 0.999988192123812 0.999988192123812 0.999988192123812 0.999988192123812 0.999988192123812 0.999988192123812 0.999988192123812 0.999988192123812 0.999988192123812 0.999988192123812 0.999988192123812 0.999988192123812 0.999988192123812 0.999988192123812 0.999988192123812 0.999988192123812 0.999988192123812 0.999988192123812 0.999988192123812 0.999988192123812 0.999988192123812 0.999988192123812 0.999988192123812 0.999988192123812 0.999988192123812 0.999988192123812 0.999988192123812 0.999988192123812 0.999988192123812 0.999988192123812 0.999988192123812 0.999988192123812 0.999988192123812 0.999988192123812 0.999988192123812 0.999988192123812 0.999988192123812 0.999988192123812 0.999988192123812 0.999988192123812 0.999988192123812 0.999988192123812 0.999988192123812 0.999988192123812 0.999988192123812 0.999988192123812 0.999988192123812 0.999988192123812 0.999988192123812 0.999988192123812 0.999988192123812 0.999988192123812 0.999988192123812 0.999988192123812 0.999988192123812 0.999988192123812 0.999988192123812 0.999988192123812 0.999988192123812 0.999988192123812 0.999988192123812 0.999988192123812 0.999988192123812 0.999988192123812 0.999988192123812 0.999988192123812 0.999988192123812 0.999988192123812 0.999988192123812 0.999988192123812 0.999988192123812 0.999988192123812 0.999988192123812 0.999988192123812 0.999988192123812 0.999988192123812 0.999988192123812 0.999988192123812 0.999988192123812 0.999988192123812 0.999988192123812 0.999988192123812 0.999988192123812 0.999988192123812 0.999988192123812 0.999988192123812 0.999988192123812 0.999988192123812 0.999988192123812 0.999988192123812 0.999988192123812 0.999988192123812 0.999988192123812 0.999988192123812 0.999988192123812 0.999988192123812 0.999988192123812 0.999988192123812 0.999988192123812 0.999988192123812
0.9999975264869364 0.9999985022804131 0.9999982113769667 0.9999967525652047 0.9999990780933329 0.9999998574229063 0.9999994857717293 0.9999996443683346 0.9999996720931557 0.9999992897744524 0.9999999999999999 0.9999993216784029 0.999999931208302 0.9999976037526982 0.9999977054038923 0.9999992719802242 0.9999892192207509 0.9999963700186911 0.9999963973453488 0.999996535212972 0.9999951737055539 0.9999959368287327 0.9999959031812861 0.9999910791680581 0.9999927819362299 0.9999930285778161 0.9999923901160489 0.999989563505789 0.9999921730280845 0.9999917282856765 0.9999917391869427 0.9999917291969929 0.9999879333619963 0.9999911698111694 0.9999913473254464 0.9999914217641008 0.9999914616849576 0.9999866121253912 0.999988512250364 0.999988728828142 0.999988728828142 0.999988728828142 0.999988728828142 0.999988728828142 0.999988728828142 0.999988728828142 0.999988728828142 0.999988728828142 0.999988728828142 0.999988728828142 0.999988728828142 0.999988728828142 0.999988728828142 0.999988728828142 0.999988728828142 0.999988728828142 0.999988728828142 0.999988728828142 0.999988728828142 0.999988728828142 0.999988728828142 0.999988728828142 0.999988728828142 0.999988728828142 0.999988728828142 0.999988728828142 0.999988728828142 0.999988728828142 0.999988728828142 0.999988728828142 0.999988728828142 0.999988728828142 0.999988728828142 0.999988728828142 0.999988728828142 0.999988728828142 0.999988728828142 0.999988728828142 0.999988728828142 0.999988728828142 0.999988728828142 0.999988728828142 0.999988728828142 0.999988728828142 0.999988728828142 0.999988728828142 0.999988728828142 0.999988728828142 0.999988728828142 0.999988728828142 0.999988728828142 0.999988728828142 0.999988728828142 0.999988728828142 0.999988728828142 0.999988728828142 0.999988728828142 0.999988728828142 0.999988728828142 0.999988728828142 0.999988728828142 0.999988728828142 0.999988728828142 0.999988728828142 0.999988728828142 0.999988728828142 0.999988728828142 0.999988728828142 0.999988728828142 0.999988728828142 0.999988728828142 0.999988728828142 0.999988728828142 0.999988728828142 0.999988728828142 0.999988728828142 0.999988728828142 0.999988728828142 0.999988728828142 0.999988728828142 0.999988728828142 0.999988728828142 0.999988728828142 0.999988728828142 0.999988728828142 0.999988728828142 0.999988728828142 0.999988728828142 0.999988728828142 0.999988728828142 0.999988728828142 0.999988728828142 0.999988728828142 0.999988728828142 0.999988728828142 0.999988728828142 0.999988728828142 0.999988728828142 0.999988728828142 0.999988728828142 0.999988728828142 0.999988728828142 0.999988728828142 0.999988728828142
0.9999980796011101 0.9999975833438964 0.9999982833315503 0.9999980142091146 0.9999969184542049 0.9999995910700796 0.9999999611672947 0.9999999180688548 0.9999999059635987 0.9999999728459136 0.9999993216784029 0.9999999999999998 0.9999992296704496 0.9999945805600386 0.9999991835818554 0.9999993048013595 0.9999929658596645 0.9999966479987249 0.9999966389171749 0.9999965465562031 0.9999963328537158 0.9999960787192366 0.999996094704278 0.9999936763755372 0.9999914005818985 0.9999923578874096 0.999990906031473 0.9999863557492411 0.9999915044812874 0.9999904599279682 0.9999912400379993 0.9999910147877348 0.9999903628427529 0.9999909282143878 0.9999914550776877 0.9999909982381663 0.9999906392983313 0.9999833956742163 0.9999888067051765 0.9999883602167475 0.9999883602167475 0.9999883602167475 0.9999883602167475 0.9999883602167475 0.9999883602167475 0.9999883602167475 0.9999883602167475 0.9999883602167475 0.9999883602167475 0.9999883602167475 0.9999883602167475 0.9999883602167475 0.9999883602167475 0.9999883602167475 0.9999883602167475 0.9999883602167475 0.9999883602167475 0.9999883602167475 0.9999883602167475 0.9999883602167475 0.9999883602167475 0.9999883602167475 0.9999883602167475 0.9999883602167475 0.9999883602167475 0.9999883602167475 0.9999883602167475 0.9999883602167475 0.9999883602167475 0.9999883602167475 0.9999883602167475 0.9999883602167475 0.9999883602167475 0.9999883602167475 0.9999883602167475 0.9999883602167475 0.9999883602167475 0.9999883602167475 0.9999883602167475 0.9999883602167475 0.9999883602167475 0.9999883602167475 0.9999883602167475 0.9999883602167475 0.9999883602167475 0.9999883602167475 0.9999883602167475 0.9999883602167475 0.9999883602167475 0.9999883602167475 0.9999883602167475 0.9999883602167475 0.9999883602167475 0.9999883602167475 0.9999883602167475 0.9999883602167475 0.9999883602167475 0.9999883602167475 0.9999883602167475 0.9999883602167475 0.9999883602167475 0.9999883602167475 0.9999883602167475 0.9999883602167475 0.9999883602167475 0.9999883602167475 0.9999883602167475 0.9999883602167475 0.9999883602167475 0.9999883602167475 0.9999883602167475 0.9999883602167475 0.9999883602167475 0.9999883602167475 0.9999883602167475 0.9999883602167475 0.9999883602167475 0.9999883602167475 0.9999883602167475 0.9999883602167475 0.9999883602167475 0.9999883602167475 0.9999883602167475 0.9999883602167475 0.9999883602167475 0.9999883602167475 0.9999883602167475 0.9999883602167475 0.9999883602167475 0.9999883602167475 0.9999883602167475 0.9999883602167475 0.9999883602167475 0.9999883602167475 0.9999883602167475 0.9999883602167475 0.9999883602167475 0.9999883602167475 0.9999883602167475 0.9999883602167475 0.9999883602167475 0.9999883602167475 0.9999883602167475 0.9999883602167475
0.9999967139516988 0.9999978115422543 0.9999974808662452 0.9999959477146076 0.9999989222620164 0.9999997587557349 0.9999993488213678 0.9999995172928101 0.9999995469428394 0.9999991401778775 0.999999931208302 0.9999992296704496 1.0000000000000002 0.9999976883867934 0.9999973979243242 0.9999990319564211 0.9999883552926531 0.9999956484988388 0.9999956772952675 0.9999958236099051 0.9999943967621132 0.999995175000519 0.9999951393798653 0.9999905032280428 0.9999923225825452 0.9999925387157638 0.9999919275327214 0.9999890899209584 0.9999915934479496 0.9999911667659624 0.9999911419367375 0.9999911409020916 0.9999871851349071 0.9999905316301657 0.9999906935376027 0.9999907880170864 0.9999908620136666 0.9999860460247803 0.9999877577159912 0.9999880007737727 0.9999880007737727 0.9999880007737727 0.9999880007737727 0.9999880007737727 0.9999880007737727 0.9999880007737727 0.9999880007737727 0.9999880007737727 0.9999880007737727 0.9999880007737727 0.9999880007737727 0.9999880007737727 0.9999880007737727 0.9999880007737727 0.9999880007737727 0.9999880007737727 0.9999880007737727 0.9999880007737727 0.9999880007737727 0.9999880007737727 0.9999880007737727 0.9999880007737727 0.9999880007737727 0.9999880007737727 0.9999880007737727 0.9999880007737727 0.9999880007737727 0.9999880007737727 0.9999880007737727 0.9999880007737727 0.9999880007737727 0.9999880007737727 0.9999880007737727 0.9999880007737727 0.9999880007737727 0.9999880007737727 0.9999880007737727 0.9999880007737727 0.9999880007737727 0.9999880007737727 0.9999880007737727 0.9999880007737727 0.9999880007737727 0.9999880007737727 0.9999880007737727 0.9999880007737727 0.9999880007737727 0.9999880007737727 0.9999880007737727 0.9999880007737727 0.9999880007737727 0.9999880007737727 0.9999880007737727 0.9999880007737727 0.9999880007737727 0.9999880007737727 0.9999880007737727 0.9999880007737727 0.9999880007737727 0.9999880007737727 0.9999880007737727 0.9999880007737727 0.9999880007737727 0.9999880007737727 0.9999880007737727 0.9999880007737727 0.9999880007737727 0.9999880007737727 0.9999880007737727 0.9999880007737727 0.9999880007737727 0.9999880007737727 0.9999880007737727 0.9999880007737727 0.9999880007737727 0.9999880007737727 0.9999880007737727 0.9999880007737727 0.9999880007737727 0.9999880007737727 0.9999880007737727 0.9999880007737727 0.9999880007737727 0.9999880007737727 0.9999880007737727 0.9999880007737727 0.9999880007737727 0.9999880007737727 0.9999880007737727 0.9999880007737727 0.9999880007737727 0.9999880007737727 0.9999880007737727 0.9999880007737727 0.9999880007737727 0.9999880007737727 0.9999880007737727 0.9999880007737727 0.9999880007737727 0.9999880007737727 0.9999880007737727 0.9999880007737727 0.9999880007737727 0.9999880007737727
0.9999924596896606 0.9999962008483262 0.9999941758476614 0.9999905113472471 0.9999992432282451 0.9999969646055548 0.9999951088905957 0.9999956212967285 0.9999957189208046 0.9999945266397348 0.9999976037526982 0.9999945805600386 0.9999976883867934 0.9999999999999999 0.9999919796559874 0.9999960908358411 0.9999793401072042 0.9999925174565416 0.9999926087641674 0.9999931757278011 0.9999898190291643 0.9999924280618088 0.9999923071245571 0.9999839569914285 0.9999924303715747 0.9999914226931115 0.9999923639672841 0.9999926883775748 0.9999908079748488 0.9999913918325432 0.9999900569565803 0.9999904275469924 0.9999807659367557 0.9999887135096155 0.9999882373854387 0.9999893021394254 0.999990060720676 0.9999898889455934 0.9999856321646012 0.9999870228678235 0.9999870228678235 0.9999870228678235 0.9999870228678235 0.9999870228678235 0.9999870228678235 0.9999870228678235 0.9999870228678235 0.9999870228678235 0.9999870228678235 0.9999870228678235 0.9999870228678235 0.9999870228678235 0.9999870228678235 0.9999870228678235 0.9999870228678235 0.9999870228678235 0.9999870228678235 0.9999870228678235 0.9999870228678235 0.9999870228678235 0.9999870228678235 0.9999870228678235 0.9999870228678235 0.9999870228678235 0.9999870228678235 0.9999870228678235 0.9999870228678235 0.9999870228678235 0.9999870228678235 0.9999870228678235 0.9999870228678235 0.9999870228678235 0.9999870228678235 0.9999870228678235 0.9999870228678235 0.9999870228678235 0.9999870228678235 0.9999870228678235 0.9999870228678235 0.9999870228678235 0.9999870228678235 0.9999870228678235 0.9999870228678235 0.9999870228678235 0.9999870228678235 0.9999870228678235 0.9999870228678235 0.9999870228678235 0.9999870228678235 0.9999870228678235 0.9999870228678235 0.9999870228678235 0.9999870228678235 0.9999870228678235 0.9999870228678235 0.9999870228678235 0.9999870228678235 0.9999870228678235 0.9999870228678235 0.9999870228678235 0.9999870228678235 0.9999870228678235 0.9999870228678235 0.9999870228678235 0.9999870228678235 0.9999870228678235 0.9999870228678235 0.9999870228678235 0.9999870228678235 0.9999870228678235 0.9999870228678235 0.9999870228678235 0.9999870228678235 0.9999870228678235 0.9999870228678235 0.9999870228678235 0.9999870228678235 0.9999870228678235 0.9999870228678235 0.9999870228678235 0.9999870228678235 0.9999870228678235 0.9999870228678235 0.9999870228678235 0.9999870228678235 0.9999870228678235 0.9999870228678235 0.9999870228678235 0.9999870228678235 0.9999870228678235 0.9999870228678235 0.9999870228678235 0.9999870228678235 0.9999870228678235 0.9999870228678235 0.9999870228678235 0.9999870228678235 0.9999870228678235 0.9999870228678235 0.9999870228678235 0.9999870228678235 0.9999870228678235 0.9999870228678235 0.9999870228678235
