8.298307914515621e-05 0.2788726836680508 4.245836964085157e-06 2.2757487903081593e-05 0.7210173299279368 
7.350250253318082e-07 0.0003110894568569232 0.9992760835187716 0.00012688372845621847 0.0002852082708897969 
0.00017770594799134266 0.9998221392748728 6.922055142779098e-10 1.1936730466511013e-07 3.4717625330999144e-08 
0.0003780394214382051 0.004033105869428768 0.995433140403742 0.00014956844311453128 6.145862276613014e-06 
0.000175642476672834 9.457830444778967e-05 0.9997202634193177 9.47364101063718e-06 4.215855115338033e-08 
3.05713345076299e-08 1.4796492266509232e-08 4.394853082231843e-08 0.9999999065143083 4.169334156228051e-09 
0.9676068056729357 1.939385542777798e-06 0.002641058608619974 0.024171528047503513 0.005578668285398105 
3.223837222138858e-12 3.0250836441500593e-05 1.2409696082657129e-09 0.9999695706800442 1.772393206750244e-07 
0.14468281379104872 0.8551959489079948 2.555842613784995e-11 0.00012123516118985061 2.114208182904224e-09 
1.8966108999511649e-06 2.4906996575697124e-07 4.272636709028476e-05 7.772755606020449e-06 0.9999473551964381 
2.0906050970472073e-08 4.695591460519651e-06 3.338299857406325e-06 3.1012726262753567e-06 0.9999888439300048 
0.9957973234102421 1.710749951518227e-07 3.6994961533618974e-07 2.436935946932784e-08 0.004202111195787865 
1.1594289790680625e-05 7.846423094012246e-06 0.0006393683491289934 0.0006818985784567018 0.9986592923595298 
8.596011489171739e-08 8.609662762262791e-07 8.504991538627217e-09 2.892475303510599e-05 0.9999701198155824 
1.5185443451623664e-05 0.8093670029041611 0.1902578778170867 0.000358959358644947 9.744766556219855e-07 
0.01711154620040269 4.631567334366217e-07 4.4730965010367134e-05 1.7184308999264554e-05 0.9828260753688545 
8.939886571366727e-09 0.9998176687745387 1.3849627713096842e-06 1.7672885765057025e-07 0.0001807605939456255 
0.0015737724735008394 3.753527010615301e-05 0.9983870224202773 1.6680284211682619e-06 1.8076945260169476e-09 
0.5435191466152772 0.005520820427935315 7.391268189173845e-05 0.3904305543556187 0.06045556591927694 
0.9999667465402418 2.3062854189487448e-06 7.557847979705066e-07 8.721170108650639e-08 3.0104177840355437e-05 
0.9998527662469526 0.0001453255863435056 7.097019254287526e-07 4.906107617487541e-07 7.078540169623731e-07 
2.383471401083004e-06 3.9846599594023375e-07 0.00019957732579761717 0.9997974487575289 1.9197927657663364e-07 
0.00941345128049364 0.07090700633867326 2.4870492375505234e-06 0.004557426711133628 0.9151196286204619 
0.00014857108285903995 0.9147908426608766 0.0039741959124751135 0.08083042423630905 0.00025596610747994215 
1.007083408236314e-06 0.6499789884372816 3.7743937470562914e-07 0.015255142821572691 0.33476448421836263 
0.00539266850307953 0.8896051613659498 0.10431198590213547 0.00042683314773251155 0.00026335108110236966 
2.3173283318667135e-06 2.9816731439916145e-06 0.9165709816874182 0.08342357707771371 1.4223339233898703e-07 
0.21348821662245085 0.0013434049680555401 3.7009554123275708e-06 0.7851618574530538 2.8200010273772334e-06 
0.3490331060916839 0.005767387574011022 1.6867948880467065e-05 0.6447120973239582 0.0004705410614662186 
0.0439106799204222 0.020338953943825823 0.9120466478974594 0.019807479527771715 0.0038962387105211057 
0.0442506735435939 0.04673167596836424 0.07609461396833898 9.356964590744138e-05 0.8328294668737954 
1.8875242158158776e-07 0.9999991417839008 4.185130546745591e-08 6.0203383984438175e-09 6.215920339582415e-07 
6.194584723795059e-05 0.15622774769971945 0.8368795497445133 2.847265195108572e-05 0.0068022840565781124 
3.088118320700838e-07 1.0719519578938594e-08 2.7102344560849125e-09 0.999997816527757 1.86123065691736e-06 
0.0004409945702299492 4.982997867464516e-07 6.5987131522470075e-12 0.9995583275716785 1.7955170619851581e-07 
0.0005618252800790083 0.22978123462647138 0.5561044507385894 0.18175277328050804 0.03179971607435215 
0.9996883682444525 2.1905210441990326e-05 9.009819846839483e-06 2.741887226876755e-06 0.00027797483803182927 
0.9989220920690881 1.2710319526723452e-05 1.1704667532678956e-05 0.0010285418373503395 2.4951106502169634e-05 
0.36220651394552267 0.01023625546054092 1.7424133130209877e-05 0.6275391153302375 6.91130568748785e-07 
0.02959923701870793 1.3767814633846576e-05 5.042479630026855e-08 0.8191635200585115 0.15122342468335068 
0.017255970219571558 4.62078641317749e-06 8.457054449895123e-06 0.0017686630794616382 0.9809622888601037 
0.8762727184205841 0.00275965819135849 6.845584295455144e-08 2.958652661022768e-05 0.1209379684056044 
2.194372796105614e-10 0.8968906065290924 1.753367525933664e-09 3.7448536699113785e-06 0.10310564664443293 
1.3823707018260724e-09 0.9999434751369378 1.6578518790012242e-07 5.1764779324615794e-05 4.592916179036791e-06 
6.952547295399386e-12 8.907930855052908e-11 0.9999999998456812 1.7828529198263362e-14 5.826917918802228e-11 
0.00969325534842426 0.1815515605269392 5.739608846366345e-07 6.252094582792227e-05 0.8086920892179242 
1.1393596204345475e-07 0.015083330963024754 0.9849143299600578 7.9549427592489e-07 1.4296466796775324e-06 
2.1384383339193913e-07 0.08942917924130811 1.0469360370073787e-08 3.8265177059728355e-07 0.9105702137937276 
0.00016622463748524455 0.2970256139129726 6.741655077519435e-05 2.346875890382936e-06 0.7027383980228764 
0.00025913267221199573 0.00011638743792114681 0.970694061954176 0.02678355852556893 0.0021468594101217535 
4.5411337010765167e-07 1.677676606501177e-06 1.9424567020617005e-08 0.9999599676015836 3.788118387280783e-05 
0.00010533341206261682 0.17334023744175864 0.8063588143438583 0.00118097038527949 0.0190146444170406 
0.5750177782692628 2.177064997090546e-05 0.06714042789624106 0.355539215920338 0.0022808072641873765 
0.004516625034914512 0.4017176657807921 0.00029539767335294396 0.5222589696010627 0.07121134190987771 
0.00010089276013311614 0.9998948296683309 7.761961320392889e-07 3.490398720538277e-06 1.0976683520409439e-08 
0.0009128116178803222 3.152389807067782e-05 2.284190953844447e-06 0.9990533200876638 6.020543155769216e-08 
2.2534809318390578e-06 0.2301355580023144 0.7674895263572794 0.0011746317766099567 0.0011980303828641504 
0.0013667830752473378 8.784747021590185e-06 1.5179228418968746e-09 9.96451776006372e-06 0.9986144661420479 
8.310461646451411e-06 2.4752887128019233e-08 6.198602778043914e-08 0.9999907640392515 8.387601871239044e-07 
0.00010959972244639717 0.02461812247200729 0.9092246724528817 0.06587150150304637 0.0001761038496182559 
0.6770254068186115 0.06775544721591469 0.018269777125521098 0.23577727038318813 0.0011720984567646752 
0.010743583496795031 0.26831745315946315 1.3107467665006297e-07 0.7208598944230117 7.893784605349965e-05 
0.132216393995977 0.01927478480225441 3.46202742020398e-06 0.011575236659332439 0.836930122515016 
3.631957922072696e-06 0.25400649176152446 0.07402680395966385 0.6718904612692256 7.26110516640304e-05 
5.331981645554828e-08 7.255162028596248e-06 3.918010543941755e-05 0.0028644271138058446 0.9970890842989099 
7.551843545829007e-24 1.6280013629573017e-13 3.196984039771407e-13 0.008802092230220477 0.9911979077692972 
1.922247194940175e-05 0.9774906873070397 4.786094440115077e-05 0.017313110462675883 0.005129118813933746 
0.1620510412740434 0.8376993861046856 5.019590908783123e-05 0.00018790177885179233 1.1474933331481825e-05 
4.829184124307603e-09 4.686503409972716e-07 4.39022296101485e-06 0.06776951511247403 0.9322256211850398 
0.3776902046212056 6.523301177381342e-15 4.493115873663504e-10 0.33209939232101515 0.2902104026084611 
0.8199039050554622 0.15638007031743548 0.023626856868290216 1.928870842469122e-06 8.72388879696806e-05 
8.06943375168853e-06 7.347843525252135e-07 0.9999910564889906 1.048906187070019e-08 1.288038435383834e-07 
0.9993102044524153 0.0002677892027300843 1.521971515740241e-06 2.820090117166851e-06 0.00041766428322192 
0.11328496447539253 1.2532781270837403e-07 0.00014795203166911158 0.886566864626927 9.35381989612636e-08 
0.000780053448277466 8.559173195576825e-09 7.455254737213697e-10 4.269522833761735e-10 0.9992199368200717 
0.9995980755576463 0.00018893224642622456 0.00019664348060128987 1.634864909145586e-05 6.623462826036074e-11 
3.230778335720998e-06 3.19659477559746e-05 0.9999645158224527 2.2183817814346058e-07 6.5613277506114e-08 
0.9999999999933771 4.3862412957036995e-12 1.8546510291290616e-12 1.9677982263720745e-13 1.8534086374439369e-13 
1.1959449408736865e-05 6.920871726733144e-06 0.001333302572692198 0.24402053990938966 0.7546272771967829 
0.0029104663547941416 0.0005121345663097479 0.7178222057684779 1.6677953726278785e-05 0.2787385153566918 
1.1889448456367559e-06 9.107744490982961e-08 0.9991851535557176 2.9527309695561675e-09 0.0008135634692609703 
0.08092313759600443 0.2115964483926046 0.07158812604531423 0.1594115156806519 0.4764807722854248 
4.160651371666281e-06 0.008706607889641555 0.0001139959287960724 0.9680067851595933 0.023168450370597535 
0.002457948314515218 0.0023975997643172135 0.0003399334758215365 0.9948045119057466 6.539599436117723e-09 
0.6077081667053634 0.01205253432241503 0.3801180821944843 7.292157830329814e-05 4.829519943401622e-05 
0.09913787789295973 0.8913503353510729 0.00019817166892225458 0.00496630339132485 0.00434731169572041 
0.9600092351495376 0.03822679820109841 0.0001483897176517713 8.108721594727481e-05 0.0015344897157647307 
0.0037027278883604246 0.0001287053297537931 7.387020844538634e-05 0.021789521770102096 0.9743051748033382 
6.273227810300861e-10 6.2684116899301e-06 0.0011446985309524153 0.99883535822616 1.3674203874920013e-05 
