0.5983792447806958 0.38896044086439024 0.0058564334755803905 0.002484246638593305 0.004319634240739943 
0.9999816487733653 6.679144117628111e-06 3.0334353089101185e-06 7.8704334447707e-09 8.630776774367813e-06 
5.721835963686381e-07 0.26462133282534833 0.7353732012907364 9.467085273190602e-08 4.7990294665606165e-06 
7.544747595367591e-09 5.347035818143025e-12 1.0185850961731647e-05 6.693755897041448e-09 0.9999897999051877 
5.2491951449602864e-08 4.069425266002679e-06 0.9999520638223746 9.492888132799036e-06 3.432137227522253e-05 
3.459865992298065e-08 0.013952990121112431 0.03567529854609612 2.454739508693419e-11 0.9503716767095843 
1.792056322829336e-05 3.1352499629582655e-10 1.2786586634826745e-06 1.8167772403455453e-06 0.9999789836873432 
2.5515265659946574e-06 0.9992940636634242 1.018794926503679e-07 0.00027623111122489886 0.0004270518192921329 
1.4750798007014268e-11 1.7775460466882694e-08 0.9997805996786052 4.3564621577038373e-05 0.00017581790960671538 
0.0026882874774947028 0.9968045952678746 4.782544740209931e-05 1.4883351708772994e-07 0.00045914297371153485 
1.0734181970159858e-07 0.99999175393737 3.2383649139843225e-06 4.888945702662872e-06 1.1410193481819165e-08 
0.00027681664860647055 0.02085972387039477 0.0005200945984880053 0.9416859430421372 0.03665742184037352 
0.017742686517178672 2.4542244997072803e-06 3.380001887608854e-08 0.00010728471685949089 0.9821475407414431 
0.0017919410541064195 0.11102311026521854 0.8871724831430863 1.2463927737975726e-05 1.609850908484822e-09 
0.12296231083365262 0.19348104650052103 0.0131957764305191 0.07903538072766592 0.5913254855076413 
3.1873966547768407e-10 0.9999999987267154 1.1955068897602013e-10 7.957712764697601e-10 3.922266880641142e-11 
1.9992030267668469e-07 0.9990888949242501 0.0007767775536532546 0.00013409463177850356 3.29700155245317e-08 
0.9999884257740618 1.3485423251856544e-10 2.5416019566747493e-09 5.269918286712016e-08 1.1518850299091036e-05 
0.08063260570155371 9.82694848889567e-07 6.489426413439602e-05 0.3682954579427697 0.5510060593966933 
4.1666474012507015e-07 0.9999769012168922 7.092630608467769e-06 6.057159926301315e-07 1.498377176637464e-05 
1.7901852081315777e-07 1.2083356933877986e-07 0.9988068037424439 0.0009912645355319649 0.00020163186993419572 
0.03306909460057371 6.527929664612472e-06 0.9642468421002484 1.0474839716120711e-08 0.0026775248946735654 
0.07236396636989675 4.3624435061341934e-05 0.7010979787399927 0.041450027249421165 0.185044403205628 
6.368802668798314e-05 0.00023378991095224442 0.9987596777319123 0.0006999396629222155 0.0002429046675250045 
1.0522348797254289e-05 0.09024165666952048 0.7904617051158594 0.11128380413737084 0.00800231172845206 
0.9993818273275036 1.1251582418597263e-09 2.4718413508552705e-08 0.0006181337494576131 1.3079467026933789e-08 
3.973286781391749e-05 1.2812312085518565e-09 0.998359656900179 4.8389240244337455e-06 0.0015957700267514876 
1.4185674001626269e-05 0.025827076736957756 0.0004408732606654974 0.9737178129320506 5.13963245210305e-08 
0.005441486309691893 1.1366072722876878e-08 2.2804534561300352e-07 0.9945112243780693 4.704990082047244e-05 
0.6102371578604089 3.286929729014377e-05 0.009369331507774949 0.20320148522962905 0.1771591561048969 
0.828798809732964 1.244020343270989e-05 0.10632537673190161 0.0006468790162641071 0.06421649431543752 
0.000942250782988245 0.09422389097587373 0.9006103364562279 0.0019638550767561405 0.0022596667081537713 
0.9513574731919222 0.04863898232125707 4.4763510569486526e-07 2.747756017747127e-07 2.822076113507167e-06 
8.842098642664644e-07 1.0340822907698802e-12 0.9999946898200995 2.0151630601015268e-07 4.224452696110916e-06 
0.0010667704845100374 0.4971367572541792 0.060815626038192926 0.4391580979678695 0.0018227482552482439 
0.9733662282434062 5.419880475270582e-06 0.00016678520269009116 0.011529832005887733 0.014931734667540551 
2.3312812266148476e-07 7.756359081124293e-06 4.840084658809674e-07 8.679464610377973e-07 0.9999906585578691 
0.7929138330851478 2.3132826091398103e-06 0.16220007853488413 4.4977597252142965e-05 0.044838797500106733 
7.182282972866278e-06 9.65982401461599e-08 0.8916265592530594 0.10650051852719968 0.0018656433385278181 
1.8967066652979332e-10 4.789824877765949e-09 1.5243372542841346e-08 0.999999979526174 2.5095775803594947e-10 
0.7366148512109377 3.978623297236732e-06 0.2617200151060141 6.06964994544445e-09 0.0016611489901009332 
3.374696581573696e-06 0.0008577359347115926 0.0002744488465238284 0.06154695353305634 0.9373174869891264 
1.1760239643278526e-05 0.00047619816328046624 0.00014608552047293256 0.9993659529731092 3.1034941548219932e-09 
1.1026640762796859e-05 2.6222945594310136e-05 6.582204506339804e-06 0.9999328639578366 2.3304251299820812e-05 
5.541665960779616e-14 1.4834121024659003e-09 1.272044867975619e-13 0.9999999607986011 3.771780419953314e-08 
5.709716467038445e-09 0.0013702002867160795 0.9698131477599694 1.0415701087111869e-09 0.028816645202027813 
1.4286664221041072e-05 4.649362034822555e-05 0.0018915586475562434 0.9980470429864448 6.180814294805435e-07 
0.00691223424022765 6.289348838866479e-05 2.737924397683623e-07 0.8577623557781467 0.1352622427007971 
1.8259364448952116e-05 0.602742060851222 0.005359908860996953 0.0010272582384794984 0.3908525126848527 
0.002119103176742232 1.5371481627658306e-07 1.375214723981783e-05 3.588074285470432e-07 0.9978666321537731 
1.3471882406927833e-05 1.2470766929444709e-05 0.9323140928972943 2.707305104630328e-06 0.06765725714826464 
3.8971844463403396e-05 5.744631237961337e-07 0.9993007123302601 7.882458635550655e-05 0.0005809167757972489 
0.0007571932916097859 4.632992046612479e-07 0.0935217025794527 0.9056557961874332 6.484464229950323e-05 
2.043367113152033e-06 2.281594826389079e-10 2.702959327033168e-06 2.909974996278949e-05 0.9999661536954375 
0.00034759815948079664 7.662955672296738e-06 6.738675809283807e-08 0.9996315682795481 1.310321854057581e-05 
0.9999333979392112 9.230880038951556e-07 3.2093408204101242e-06 2.2971952959649005e-08 6.244666001167757e-05 
0.00015272299504685372 0.9711093353942167 0.028689718931143866 1.9945915501042908e-05 2.8276764091200103e-05 
9.828524454179637e-11 3.2628743299332194e-08 1.2576705860494438e-08 0.9999458533423687 5.410135389662443e-05 
1.5348964554299708e-07 9.975366546822045e-12 0.8028477151709899 5.438733197500159e-06 0.19714669259619183 
3.9453392865604586e-06 1.6069748017166975e-10 2.3119251034654203e-08 3.363234081872809e-05 0.9999623990399462 
0.649429220930712 1.1925470310401295e-08 8.140655794581775e-06 9.053903939093506e-08 0.3505625359489839 
1.2405172271297547e-09 5.151220197204722e-07 7.995512352897815e-06 6.45491700645706e-08 0.9999914235759402 
0.15316164088174405 5.3670714656599886e-06 0.15514814547258435 0.49831448535219225 0.1933703612220137 
4.775346377238835e-09 1.1342809307430043e-05 0.014780797087271187 1.667253102277136e-05 0.9851911827970519 
0.0026109739596284352 7.657737699044552e-05 0.9969427378196793 8.109181532408715e-05 0.0002886190283775158 
5.6908735348834414e-11 0.9880979196826388 9.714886482150387e-08 4.945954513526012e-10 0.011901982616992074 
1.2203215849858418e-08 0.07968298159689756 1.8791628963445328e-06 0.00013383875354157322 0.9201812882834489 
4.068715037948897e-06 0.9951562581331291 1.7728578456159333e-05 0.003593152047140442 0.0012287925262358332 
0.16989789147414752 5.981261317409255e-08 3.4851020224809e-09 4.712763365126326e-06 0.8300973324647721 
2.1540467816965552e-12 4.103406452444446e-11 0.9999999999241134 4.500591097627462e-15 3.269408455836656e-11 
0.00043429873532867675 0.09459531535491977 0.0027043584937290308 0.4254462199302548 0.47681980748576774 
0.00022006625690667358 0.9997780982664105 7.908260248204532e-08 2.740167207343559e-08 1.728992408113636e-06 
1.5657760223368751e-06 0.0002795861295908222 0.30354468902142984 0.6946214243454149 0.001552734727542088 
0.0014218838807725795 1.0770774342723951e-05 0.9903176047502149 3.286456873704455e-08 0.00824970773010129 
9.874332864500175e-07 7.660283556638299e-07 1.2325917302922091e-07 6.392256179541944e-09 0.9999981168869286 
1.8454988603975976e-07 0.9999535047325875 3.262689379804757e-05 1.3671690174495486e-05 1.2133553663323698e-08 
0.00014300280507143173 2.3972617824363235e-07 2.6110354252497866e-11 0.6178591186446012 0.38199763879803883 
1.5070561337174248e-07 2.119540101229706e-09 6.054020448285846e-10 3.865350889092383e-09 0.9999998427040936 
0.6242957824630517 0.09186393556403724 0.007920355421864162 0.0029158385389355447 0.27300408801211146 
0.11147941431208333 0.8884968301233109 3.7922137940152856e-07 3.679960885386847e-06 1.9696382341225455e-05 
0.9999998753468621 7.00856673419694e-12 7.299546087989019e-08 5.010752499519779e-08 1.5431434232968731e-09 
0.002296351327194621 3.84074889291773e-07 0.0012928299490323144 0.02407928697304957 0.9723311476758342 
0.4609751571975428 4.159963623791681e-06 0.00010665312719011773 0.5389140273389909 2.372652665096094e-09 
0.9058622395160251 1.6366979672203194e-07 6.425599175834448e-08 1.7599793027571432e-05 0.09411993276515893 
0.9996179513637826 3.3912111846354956e-11 2.2972347258946902e-05 0.0003522008041725644 6.8754508737982215e-06 
0.00036145734297584703 4.469558066010489e-08 5.230047611233591e-08 0.9996384448918411 7.691262956233729e-10 
0.9999783945924704 4.317250796031178e-06 1.2232651753934767e-06 1.3055883270845183e-05 3.0090082874746663e-06 
0.9997114863409722 1.9900023299674356e-06 1.3955131544183142e-05 0.00016285801593593307 0.00010971050921806246 
0.9999873160134932 3.650867354888699e-08 1.076900310078615e-05 1.8784572192578974e-06 1.7513234468124765e-11 
