0.0010571243298720116 0.37872206978016204 0.21070528675604855 0.10649081840746952 0.28430229356570613 4.307207801286104e-06 0.010323372619955513 0.00839472733298496 
1.422403317863196e-05 0.8969105732575734 1.598027385776875e-06 4.104076546202472e-06 1.7953323371445452e-07 0.10142361571630369 4.2503973809960097e-07 0.0016452803160402166 
1.654684499622155e-07 1.0387063156018821e-08 2.64634616479751e-09 6.067576249069985e-06 1.6816021633888026e-11 7.631747898064041e-09 4.731435809492695e-10 0.999993745800184 
4.1325393011663385e-12 0.999999873720098 3.4184093124665955e-08 9.629459014184917e-11 2.979242033170706e-09 3.455728107441902e-09 8.553067674970452e-08 2.973485334837519e-11 
1.213242244177946e-08 2.924720165529235e-11 1.2779055427432687e-06 3.5569351305741506e-06 1.9916020721094375e-09 0.9999944396027635 7.113774728832734e-07 2.5818719708148442e-11 
9.296379581594498e-08 0.0022583776204571303 4.4290578344971367e-10 0.9977395813934256 6.393855808850841e-09 1.932579465371268e-06 8.818139068640229e-10 7.724280666513972e-09 
0.7793854849170199 0.00019963627112112983 0.16840713107404554 0.00019730842495122112 0.0005865106430298532 8.457426611334806e-09 0.00019611633784396301 0.05102780387456174 
1.4830141419680476e-13 0.9999998595566533 2.422173946374184e-08 1.3002841724226315e-11 4.3648865288178045e-11 1.238509995160725e-09 2.535141062644784e-08 8.957488668760401e-08 
7.487758585826288e-09 1.1597476415417572e-08 0.9995312740193588 1.3584668435374325e-10 5.200018430842042e-09 0.00046857420837984124 1.2775840020649808e-10 1.2722340276136367e-07 
6.804805322778018e-10 2.569133727792126e-10 0.9468752098982738 0.053119491696874147 5.280089671299582e-06 1.737396596611115e-08 4.1766010332933403e-13 3.4033027862991913e-12 
1.0020041146944441e-09 6.286998134246902e-07 3.1596392031664646e-11 2.9110334497630985e-13 5.206372635670928e-06 1.5587281952306413e-11 1.2711496241316979e-14 0.9999941638780594 
0.043731635118717804 2.1359090722189218e-05 6.828566023462565e-05 0.9556756635955611 0.0004368919894028736 4.9908825454839e-07 6.642772627601449e-08 6.55990293805164e-05 
2.336143812320205e-09 0.0002576434597183061 2.2914951668766843e-09 1.2421958870359056e-07 4.5399246190891146e-09 2.2982990095461568e-09 0.9997412058559151 1.0149989152655683e-06 
7.652142975026188e-08 4.720354595230422e-07 1.1873773832000546e-05 8.871633230158547e-09 2.8246375045144135e-11 0.9999778161581239 6.742854831076146e-09 9.745868420334786e-06 
0.003861551992627306 0.021522995992114134 0.8981980334305738 0.05631525834989944 0.0007227169380808967 3.677330186714243e-12 0.019379442288793083 1.0042340959397023e-09 
1.5978195371934874e-15 1.3701658590316054e-09 1.0023701312651803e-10 0.9999950378693461 2.3242498871079827e-11 3.906387442603009e-06 1.0520885206695653e-06 2.161044021805147e-09 
3.6263581276445275e-09 6.967546185746702e-09 0.0001410970235488026 9.177076487355705e-06 0.8363910449923683 0.1634582920276218 3.116027376151512e-07 6.668333195215926e-08 
1.5820661601647727e-09 7.185574849708537e-11 1.0630931319694464e-06 0.9999780911481858 2.591570196379522e-12 6.083366062856645e-10 2.08392090542013e-05 4.284778080131887e-09 
0.0005347000843786892 0.3077159266488093 0.5850324240097265 5.0215376230163704e-08 4.0894505324913014e-07 1.6897016396119415e-08 0.10534578353355996 0.0013706896660796177 
3.2412052239486594e-11 9.091392712298386e-10 0.999994153622911 2.279005369140308e-07 2.8159733307040355e-11 7.889049423619209e-07 4.828395049928841e-06 2.0684878690270662e-10 
0.9845251981216715 7.960601608400926e-10 1.6111122229343724e-06 0.00033126360110571554 0.014555475266132292 8.095722272366196e-09 0.0005864405424089069 2.4646763324000825e-09 
4.719032214382421e-06 0.0010613730226778433 0.20985192142451092 6.577544567968447e-07 0.7890809400713807 6.787625235572763e-08 3.074698036071626e-10 3.205110371102997e-07 
6.9193890104654394e-06 9.41838322049434e-05 4.446274379771433e-07 3.2643321732366375e-10 0.495089140981596 5.977882790891781e-12 0.5048092984625248 1.2374814664753065e-08 
0.00029455790478987945 0.00016298796128278088 0.9991340628897698 1.5384730968673706e-08 5.8151399333437805e-06 2.13509841455736e-09 0.00040244207670195504 1.1650769298630448e-07 
0.6011361232807633 0.3969711339391236 0.00040057998754753325 6.4687740694935755e-09 2.0699582045634213e-05 0.0011904356998379906 0.00027186374369137325 9.15729821632896e-06 
3.8521310442857313e-07 1.708862877551624e-12 8.206804324018775e-09 5.361054783478641e-11 1.349778783160417e-09 8.096291676388117e-05 0.9999186300232297 1.2234999482856278e-08 
0.008258333694656781 0.046774498535355036 6.503223911173196e-08 1.052697151785162e-07 0.8745341473400161 2.539524725511893e-05 0.07040745450599357 3.747689786708984e-10 
0.9988728934799828 6.87457697819427e-05 1.1626621873710203e-09 6.984111524955706e-08 3.7728943434650304e-07 2.9420119187470136e-10 0.0009924070788087885 6.55050840135608e-05 
0.0008881321952295565 2.5433130877988238e-05 0.00015100555237713335 1.8501285316444783e-06 3.2073798835257398e-06 9.629366699003146e-07 0.9970913533617171 0.0018380553147134715 
8.95415984675629e-07 0.0014618843122784341 0.9979826740709192 1.3247364604708635e-08 9.751739368579692e-06 1.8517455093447294e-11 6.509895657162697e-05 0.0004796822389954252 
7.959752536217092e-07 0.07362940600377024 0.926366051229117 1.3089439810710057e-08 7.717120462985112e-10 3.5522299832356108e-06 1.5525644147507988e-07 2.544428271991486e-08 
1.6989021638364386e-11 2.1832156242115856e-10 4.747095360286578e-07 2.1755243204632163e-15 1.7504039576269647e-14 1.3498107365825026e-09 0.9999984989592345 1.0247460883119313e-06 
8.863306885200911e-08 1.8828825030700448e-11 1.6751451393505706e-05 5.790070479555813e-06 3.510587886490006e-06 1.1217101942773996e-06 0.9999702551184537 2.482409694636595e-06 
5.50757988016594e-08 0.9998064166200598 0.00019109488150905924 7.556144717245208e-11 1.780207032633412e-09 5.774466899191642e-10 2.429839155885124e-06 1.1502610420183041e-09 
2.4895605187728946e-09 3.071773375656602e-06 0.9999965107171543 3.4643479793334346e-08 4.683606863457148e-15 8.724035923347399e-12 2.1268643114083823e-09 3.782408367202664e-07 
2.2957760774416947e-06 0.0008125247892833533 0.004712381044418677 2.4206035863443574e-05 6.228797792943139e-08 2.2018856844007414e-10 0.9944300821452176 1.844770097311788e-05 
8.152360597388948e-09 8.527468528331613e-07 3.6795543119164244e-07 3.263437350065701e-07 2.876452267740829e-06 1.693157180972227e-07 3.8681948110286505e-07 0.9999950122141534 
6.004472046969439e-06 0.007670912361461205 0.006002930524990417 0.8619872042208218 1.7205863118561118e-07 8.562427107343527e-07 0.12433191800216743 2.1171703150161903e-09 
2.1688470045283936e-08 0.0041794561833186595 0.2728763530428444 3.0800882297096365e-09 0.7135255386436893 1.5691999728466453e-07 0.009327096948634955 9.137349295708804e-05 
1.4764724843805105e-05 0.999971147563205 1.327015561538171e-05 1.7779019470345886e-12 8.503793899324304e-10 4.008034162669936e-12 1.4995301052549522e-07 6.667471599508335e-07 
0.5367377039432966 0.4632512467788474 1.2903935718951612e-06 2.2475314412906153e-11 7.430244494045265e-09 9.35770645693172e-06 3.443026639689839e-09 3.9028208079399264e-07 
0.0004264388483333204 0.007968311065542641 0.20059908546987812 0.013840473292438463 2.9112840343930143e-06 0.7771423904913151 6.290179378897328e-06 1.4099369079327949e-05 
2.7744963378386414e-06 0.001272978988041823 4.5358733099924795e-05 0.00018787905596738322 1.0515369796904172e-05 0.45207836663119977 0.00021386118602933403 0.546188265539527 
1.3366292544153655e-08 5.033499982818164e-05 1.9489416847358903e-05 1.6155438039280303e-06 0.8872712037008122 0.11265297714792755 9.282376740415212e-11 4.365731664453354e-06 
2.251763371850118e-19 1.1442560414243602e-06 8.487259689068555e-19 3.432184948834912e-10 3.8937589655352134e-13 0.9999988554003497 4.680799015006059e-17 1.0032462010843847e-15 
0.9999376748914406 8.030864941329623e-10 2.3154898023196155e-07 5.7853868443375043e-05 6.996534229496393e-08 4.006696503619309e-06 1.0360396740628025e-07 5.862223611643334e-08 
5.198728487535292e-08 1.9220249486945316e-12 9.643211881377176e-10 3.443907132172447e-11 0.9999965602460735 3.3608457391765446e-06 1.4992309145772823e-14 2.592020525447188e-08 
7.035565571967473e-10 1.1940217789554143e-05 2.8053285251091082e-09 3.012328435401936e-12 8.830006322042362e-10 0.9999880510818724 6.59825169851671e-11 4.2394575946627025e-09 
1.4131321401247658e-07 0.04551043492728072 0.006289969338116284 0.00037771885095923204 0.055136697776085306 0.8896513623331911 0.0030313168998007036 2.358561352582858e-06 
3.2687613889107324e-08 0.9894058534560125 0.001964806233336711 5.996306247180809e-08 1.5966455752052562e-05 2.399538013794222e-05 0.008588982759901586 3.030641827725704e-07 
0.0005071722542750469 0.9988452595602596 0.00024407715342926461 9.964470173497453e-05 0.00015513299283694866 6.688882650206479e-07 0.0001477993909666406 2.4505823258303373e-07 
1.6537619462434203e-06 0.17976248097328412 0.0001166893658062972 0.8197174626664436 0.00018064261362991582 4.60914166693463e-08 0.0002137842194346641 7.240308038427477e-06 
0.7917809361541931 1.2457843517170226e-06 0.20802662564699428 1.8512722323489303e-05 1.0348311334095845e-05 2.29399687965734e-06 0.00016003433545517563 3.048468552180959e-09 
2.3669241026942023e-07 2.1635773210786083e-05 0.15359652128024462 5.070200480436165e-11 1.0029190142733791e-07 1.022553381115116e-08 0.8463814953856793 3.003177910033514e-10 
1.5753363297348703e-09 2.1593031227084163e-06 7.198731748681151e-06 1.301142163101764e-13 1.943820953966859e-08 2.0136982144928686e-09 0.999990618476798 4.60956219551821e-10 
3.845374606945327e-09 0.0019194383302133826 0.9980771321686411 3.2852711571150224e-06 1.0520574774138552e-07 2.636868400015539e-08 7.914207600278825e-09 8.959746144243689e-10 
1.0991596336908337e-09 4.862065613366287e-08 1.4248915753706221e-05 0.9999188659563791 4.626979136912251e-05 4.2554964157270975e-10 5.240492374876389e-08 2.0512786208977878e-05 
8.839942253648978e-07 0.0003289102610685564 6.878134793593522e-07 6.604485971532265e-09 2.4018011815034483e-09 1.8400659989300902e-10 0.01279625506963283 0.9868732536713001 
0.9910555669574107 0.00345872385023352 0.004968874448621371 7.427895544456981e-13 0.0005133579722114453 1.111110917720222e-07 3.3644443834565195e-06 1.2153047678730404e-09 
0.8001119022489146 7.307680323556399e-07 5.274563740714423e-05 9.597901893815208e-06 0.19856565468230472 5.905050236767985e-08 0.0011939355558885187 6.537415505646786e-05 
9.224236963627681e-10 0.0061690853872239 3.736997703958361e-08 1.4782326405422299e-08 0.9938214449261212 7.224485125097524e-09 9.404693349679284e-06 4.694092676230464e-09 
0.21280669566885627 1.2500274834956077e-05 0.7814012779561404 0.00032988849267392983 1.629331516359419e-05 4.022604978191771e-09 1.4088903547610578e-06 0.005431931379370845 
1.0222271755953701e-05 7.195966392395615e-08 0.9438085783996968 0.002592654255263987 5.115354460826388e-07 0.05335165067746044 0.00021549070353305854 2.0820197179764894e-05 
6.764926127808948e-05 4.1827411675725225e-05 0.0002800472707786573 3.000767756591922e-08 0.9904169621539095 6.939593983828598e-06 0.009186544056752793 2.4394395243338685e-10 
3.151147155762673e-07 0.00402326739196426 5.449334723441454e-06 6.007209506238474e-11 4.496115156969087e-05 0.9959203364918907 5.463334911803207e-06 2.0712015243066237e-07 
8.965214154843009e-25 8.698039966457455e-10 6.0740820972043755e-15 2.234842234360818e-19 0.999999999078326 5.1863901685297145e-11 8.891493407389269e-19 1.4807255341345237e-30 
3.0756226509898488e-09 0.00035915477759238364 0.030889367100734397 0.055070515307585124 0.9111320202849047 3.114172571000936e-05 0.002514228484153632 3.569243697385286e-06 
3.516923209705476e-07 9.517362914059007e-06 0.08937303357532556 2.4045657959007843e-10 6.825189101660798e-07 0.0001508663588450485 3.532063832619836e-07 0.9104651950448442 
0.0005461011421743959 0.8719979433715273 9.49638934881884e-06 1.2112242783395567e-05 0.004014885115302635 9.55412669321121e-09 0.12341945218451207 2.2468196255832315e-13 
0.999981194025044 1.873730581970622e-07 6.407403468191072e-06 2.6332811760528833e-23 1.2211198429592047e-05 5.319668914974041e-65 8.866716579366262e-37 7.425351450848129e-20 
2.6629114785261704e-06 1.1014625500258907e-05 0.9997554049974052 4.7060371781905936e-08 1.5836711035066526e-06 6.64186564420692e-08 0.0002292197699615978 5.455226526364911e-10 
4.202828166054767e-08 1.3933811493598316e-09 9.379516988331099e-08 0.0024596518992832965 0.9975401214113329 8.342959152044199e-08 2.919758784198672e-10 5.750983739301323e-09 
0.0031012018901892184 0.9965987757580762 0.00026365742114496226 6.742422380034921e-08 3.5913833399765293e-06 3.77578666417229e-09 8.129252290365662e-07 3.188942201020682e-05 
8.418824708229732e-16 4.953304666527352e-05 0.9997535647627542 3.6166891960233035e-07 0.000196503919246594 4.053885641944561e-09 3.254849103483341e-08 3.661940642604677e-14 
1.5351537159059666e-12 0.9999819077730953 1.4625752902785462e-05 2.6624074860507453e-06 5.904088581601405e-11 2.0277751325404e-10 4.37852195398969e-11 8.037593771587407e-07 
6.093505005755278e-07 4.9112852702195535e-06 8.129474423363694e-06 0.007223616416784236 0.9925228160940631 4.584770441544284e-11 0.00023742325298150562 2.4940801292097806e-06 
1.0086429082699148e-11 3.011059565458077e-08 1.321050231364729e-11 4.85650483902453e-12 1.9383703038755268e-05 8.697175158425567e-17 0.999980579245593 6.9126189837045524e-09 
4.112716160325378e-08 3.8959609590741906e-15 0.9999999586509063 7.944373001204057e-13 2.1502785046225902e-13 2.642016734306283e-15 2.1305645185995357e-10 7.859563208738317e-12 
0.2165822499735068 0.0007426118564632711 0.04346279077088298 5.1840412628681886e-05 0.07901831710748486 0.4047349981184367 0.2554035346139031 3.6571466934915946e-06 
2.1571555596754056e-05 0.003889774199108321 2.0350703640949865e-05 0.9952344752776009 4.369847627249682e-08 0.0008320724928559752 6.133664780982008e-07 1.0987062426138248e-06 
0.9999706647671746 8.186271164125122e-10 1.9476295271056504e-09 4.5213295021349424e-13 2.2656237144624606e-07 1.4713377285923772e-08 2.9091189426097786e-05 9.418883819903802e-13 
1.461686884660629e-05 0.07922381089791501 0.3783660916288414 2.8616192833514924e-06 9.027237617185052e-05 1.7877942563544237e-07 0.5351728591583856 0.007129308671130458 
0.9998887952492449 2.604220504212351e-08 1.01279542539694e-07 4.1765531113978323e-07 5.583024430407469e-08 6.869521552007216e-05 4.190664232691621e-05 2.08560518665378e-09 
0.00010915587682898932 2.105867140458781e-05 2.9916855928777005e-05 2.4977841815754617e-08 0.9994964303548476 1.1138547900621099e-05 0.0003312146102164134 1.060105031360728e-06 
1.5591079579464605e-07 0.00012090234000260997 0.01192147403910621 1.3944434914458573e-08 0.7445692872443214 2.638270039241789e-07 0.24338790208738245 6.069527259923638e-10 
8.600950413597243e-08 2.5836384924536226e-10 1.4724826280404077e-06 4.341402211150075e-09 6.292594053727624e-07 6.551406022672598e-13 0.9999978076474529 5.881981092809348e-13 
4.835998307059613e-06 1.6279230346599886e-06 0.9999896118055553 2.0357764692812453e-07 3.227814920654911e-08 1.0924970464853743e-11 3.688363647011004e-06 4.27347395575325e-11 
0.9999849684069426 2.812853042198145e-07 3.300236840149567e-08 1.4776857842705922e-08 1.371546970624741e-06 5.025373792252411e-09 1.3309063375827522e-05 1.6892806794496932e-08 
5.135916623926001e-11 6.413408338929188e-15 1.4010409909922023e-13 2.2744732385825277e-15 3.3647871760901654e-08 0.9999999657428722 5.577459382557087e-10 1.9663790524347513e-15 
